drug	disease	label
pubchem.compound:11285002	UMLS:C1849813	0
pubchem.compound:4810	UMLS:C1842870	0
pubchem.compound:11519070	UMLS:C0020623	0
CHEMBL:CHEMBL1742999	UMLS:C0025286	0
CHEMBL:CHEMBL2109653	UMLS:C0014550	0
pubchem.compound:5401	UMLS:C0264774	0
pubchem.compound:5280793	UMLS:C0079583	0
pubchem.compound:6834	UMLS:C0887833	0
pubchem.compound:40973	UMLS:C1720860	0
pubchem.compound:4485	UMLS:C2751682	0
pubchem.compound:59774	UMLS:C5680452	0
CHEMBL:CHEMBL2364652	UMLS:C1560305	0
pubchem.compound:11285792	UMLS:C0027497	0
CHEMBL:CHEMBL1201580	UMLS:C0281267	0
pubchem.compound:3038	UMLS:C5680348	0
pubchem.compound:4932	UMLS:C0221074	0
pubchem.compound:11525740	UMLS:C1704380	0
pubchem.compound:5994	UMLS:C0031190	0
CHEMBL:CHEMBL2109391	UMLS:C0019054	0
pubchem.compound:2170	UMLS:C4302893	0
pubchem.compound:148197	UMLS:C0020217	0
pubchem.compound:135413538	UMLS:C5774312	0
CHEMBL:CHEMBL1201567	UMLS:C4255043	0
pubchem.compound:135565166	UMLS:C0346153	0
CHEMBL:CHEMBL4594316	UMLS:C3150412	0
pubchem.compound:43032	UMLS:C0282548	0
pubchem.compound:5360733	UMLS:C3151446	0
CHEMBL:CHEMBL1201565	UMLS:C0948480	0
CHEMBL:CHEMBL4594242	UMLS:C0043020	0
pubchem.compound:2554	UMLS:C0157917	0
pubchem.compound:5388983	UMLS:C0279628	0
CHEMBL:CHEMBL289228	UMLS:C0477984	0
pubchem.compound:46188928	UMLS:C0007286	0
CHEMBL:CHEMBL3833384	UMLS:C0220765	0
CHEMBL:CHEMBL2109653	UMLS:C0265010	0
pubchem.compound:9794485	UMLS:C3809888	0
pubchem.compound:10311306	UMLS:C0279702	0
pubchem.compound:5330286	UMLS:C0234357	0
pubchem.compound:16052011	UMLS:C0020623	0
pubchem.compound:23663959	UMLS:C0006012	0
pubchem.compound:33036	UMLS:C0002453	0
pubchem.compound:3559	UMLS:C1847501	0
pubchem.compound:5388983	UMLS:C0036349	0
pubchem.compound:5666	UMLS:C0020443	0
pubchem.compound:21800	UMLS:C0001768	0
pubchem.compound:148196	UMLS:C0848558	0
pubchem.compound:441290	UMLS:C0017919	0
pubchem.compound:16052011	UMLS:C2673866	0
CHEMBL:CHEMBL3707229	UMLS:C3489728	0
pubchem.compound:21826	UMLS:C0017181	0
pubchem.compound:39186	UMLS:C0025286	0
pubchem.compound:11597698	UMLS:C4016375	0
pubchem.compound:11274333	UMLS:C1853118	0
pubchem.compound:3059	UMLS:C4539997	0
pubchem.compound:156391	UMLS:C0587246	0
pubchem.compound:6450830	UMLS:C0221074	0
pubchem.compound:23897	UMLS:C5679692	0
CHEMBL:CHEMBL4297828	UMLS:C0010035	0
pubchem.compound:65326	UMLS:C3711384	0
pubchem.compound:10413	UMLS:C0018799	0
pubchem.compound:11354606	UMLS:C0854795	0
CHEMBL:CHEMBL3707325	UMLS:C2932678	0
pubchem.compound:134823897	UMLS:C0039070	0
CHEMBL:CHEMBL441738	UMLS:C3711368	0
CHEMBL:CHEMBL2109321	UMLS:C0039685	0
pubchem.compound:24821094	UMLS:C0027643	0
pubchem.compound:67462786	UMLS:C0279680	0
pubchem.compound:11125	UMLS:C1846474	0
pubchem.compound:5312125	UMLS:C0027661	0
pubchem.compound:6436	UMLS:C0036095	0
pubchem.compound:9880	UMLS:C0152013	0
CHEMBL:CHEMBL1743034	UMLS:C0039075	0
pubchem.compound:60749	UMLS:C0270850	0
pubchem.compound:5281884	UMLS:C0027707	0
pubchem.compound:56639723	UMLS:C1846529	0
pubchem.compound:441344	UMLS:C0496775	0
pubchem.compound:24965990	UMLS:C0398765	0
pubchem.compound:11597698	UMLS:C3665347	0
pubchem.compound:60854	UMLS:C0152200	0
pubchem.compound:135413523	UMLS:C0008780	0
pubchem.compound:5324346	UMLS:C3810404	0
pubchem.compound:441344	UMLS:C2676023	0
pubchem.compound:5832	UMLS:C0002938	0
pubchem.compound:3549980	UMLS:C0028878	0
pubchem.compound:5311304	UMLS:C0018203	0
pubchem.compound:4091	UMLS:C1861355	0
pubchem.compound:3652	UMLS:C4551488	0
pubchem.compound:12555	UMLS:C3640024	0
pubchem.compound:4633	UMLS:C0282577	0
pubchem.compound:16133812	UMLS:C0002736	0
CHEMBL:CHEMBL1201607	UMLS:C0034531	0
pubchem.compound:3062316	UMLS:C4025276	0
pubchem.compound:441336	UMLS:C1861355	0
pubchem.compound:16738693	UMLS:C0153415	0
pubchem.compound:5408	UMLS:C0004134	0
pubchem.compound:11315474	UMLS:C5561925	0
pubchem.compound:10182969	UMLS:C1864389	0
pubchem.compound:2366	UMLS:C0854893	0
CHEMBL:CHEMBL4297537	UMLS:C0085547	0
pubchem.compound:16102897	UMLS:C0206663	0
pubchem.compound:4178	UMLS:C5575375	0
pubchem.compound:119570	UMLS:C1832409	0
pubchem.compound:6918558	UMLS:C0221026	0
pubchem.compound:6918296	UMLS:C2697932	0
pubchem.compound:4810	UMLS:C0340643	0
CHEMBL:CHEMBL2108326	UMLS:C0158442	0
CHEMBL:CHEMBL4297792	UMLS:C3553944	0
pubchem.compound:2724385	UMLS:C5574948	0
pubchem.compound:66558664	UMLS:C0007758	0
pubchem.compound:3394	UMLS:C0264789	0
pubchem.compound:71491931	UMLS:C4225359	0
pubchem.compound:443879	UMLS:C0687120	0
pubchem.compound:5734	UMLS:C4015513	0
pubchem.compound:135566083	UMLS:C0038356	0
pubchem.compound:73417116	UMLS:C0264886	0
pubchem.compound:47811	UMLS:C0022661	0
pubchem.compound:23667619	UMLS:C5191007	0
pubchem.compound:68289010	UMLS:C0032460	0
CHEMBL:CHEMBL4297536	UMLS:C0013415	0
pubchem.compound:444036	UMLS:C0005910	0
pubchem.compound:23480	UMLS:C0543888	0
pubchem.compound:4946	UMLS:C0280725	0
pubchem.compound:53241147	UMLS:C0013069	0
pubchem.compound:11750009	UMLS:C0035220	0
pubchem.compound:4236	UMLS:C1720861	0
pubchem.compound:441347	UMLS:C0264303	0
CHEMBL:CHEMBL1201509	UMLS:C3809483	0
pubchem.compound:4674	UMLS:C0796070	0
pubchem.compound:667484	UMLS:C4024960	0
pubchem.compound:49806720	UMLS:C1863012	0
pubchem.compound:21826	UMLS:C1849265	0
pubchem.compound:118513932	UMLS:C0015674	0
pubchem.compound:59768	UMLS:C0004930	0
pubchem.compound:60749	UMLS:C0150055	0
pubchem.compound:33624	UMLS:C0079154	0
pubchem.compound:9875401	UMLS:C0010068	0
CHEMBL:CHEMBL2108666	UMLS:C3151037	0
pubchem.compound:11671467	UMLS:C4225421	0
pubchem.compound:5735	UMLS:C0220669	0
pubchem.compound:9930049	UMLS:C2673630	0
CHEMBL:CHEMBL2108481	UMLS:C4551647	0
pubchem.compound:36462	UMLS:C1860788	0
pubchem.compound:14720269	UMLS:C0018566	0
pubchem.compound:219078	UMLS:C1853371	0
pubchem.compound:5361918	UMLS:C5436576	0
pubchem.compound:2585	UMLS:C0002418	0
pubchem.compound:10472693	UMLS:C3658267	0
pubchem.compound:60606	UMLS:C0013386	0
pubchem.compound:6450830	UMLS:C0026351	0
pubchem.compound:3784	UMLS:C0023487	0
pubchem.compound:2162	UMLS:C0020179	0
CHEMBL:CHEMBL2108678	UMLS:C0019693	0
pubchem.compound:31101	UMLS:C0271183	0
pubchem.compound:637568	UMLS:C5394371	0
pubchem.compound:3033	UMLS:C0021400	0
pubchem.compound:43157	UMLS:C0003742	0
pubchem.compound:9865554	UMLS:C5193002	0
pubchem.compound:166589	UMLS:C3553794	0
CHEMBL:CHEMBL5095052	UMLS:C1836916	0
CHEMBL:CHEMBL1201564	UMLS:C0344432	0
pubchem.compound:169870	UMLS:C0017612	0
CHEMBL:CHEMBL3707314	UMLS:C4751003	0
CHEMBL:CHEMBL1743043	UMLS:C0878544	0
CHEMBL:CHEMBL4594331	UMLS:C2678484	0
pubchem.compound:71009737	UMLS:C2183058	0
pubchem.compound:5462351	UMLS:C1856121	0
pubchem.compound:16051941	UMLS:C1848552	0
pubchem.compound:7028	UMLS:C0007873	0
pubchem.compound:3639	UMLS:C2750067	0
CHEMBL:CHEMBL2108955	UMLS:C0018524	0
pubchem.compound:5388962	UMLS:C0005684	0
pubchem.compound:42890	UMLS:C0220998	0
pubchem.compound:449193	UMLS:C0005612	0
pubchem.compound:89683805	UMLS:C1445953	0
pubchem.compound:6436	UMLS:C0001733	0
pubchem.compound:2159	UMLS:C4302893	0
pubchem.compound:60606	UMLS:C3899764	0
pubchem.compound:2771	UMLS:C0023795	0
CHEMBL:CHEMBL4298086	UMLS:C3888523	0
pubchem.compound:3958	UMLS:C0236811	0
pubchem.compound:5826	UMLS:C0750442	0
CHEMBL:CHEMBL1743048	UMLS:C3539878	0
pubchem.compound:5991	UMLS:C1333813	0
CHEMBL:CHEMBL1743062	UMLS:C3888102	0
pubchem.compound:25102847	UMLS:C5436935	0
pubchem.compound:181458	UMLS:C1849699	0
pubchem.compound:4054	UMLS:C1135196	0
CHEMBL:CHEMBL3833346	UMLS:C0349788	0
pubchem.compound:129073603	UMLS:C4551649	0
pubchem.compound:337359	UMLS:C1721006	0
pubchem.compound:60199242	UMLS:C0345447	0
pubchem.compound:9919001	UMLS:C0022548	0
pubchem.compound:44126305	UMLS:C0857501	0
pubchem.compound:150311	UMLS:C0268487	0
pubchem.compound:9868491	UMLS:C0020630	0
pubchem.compound:68029831	UMLS:C1836916	0
pubchem.compound:60852	UMLS:C5548198	0
pubchem.compound:9865515	UMLS:C1858050	0
CHEMBL:CHEMBL3707277	UMLS:C0007138	0
pubchem.compound:636362	UMLS:C1863616	0
pubchem.compound:9911830	UMLS:C1868570	0
pubchem.compound:68029831	UMLS:C0037763	0
pubchem.compound:54746	UMLS:C0153414	0
pubchem.compound:16720766	UMLS:C3280120	0
pubchem.compound:67454400	UMLS:C5436799	0
pubchem.compound:5361918	UMLS:C0007222	0
pubchem.compound:124246	UMLS:C0026106	0
pubchem.compound:71158	UMLS:C0027497	0
pubchem.compound:3033	UMLS:C1848553	0
pubchem.compound:9933475	UMLS:C0015398	0
CHEMBL:CHEMBL1201835	UMLS:C1854369	0
pubchem.compound:73417116	UMLS:C0023817	0
CHEMBL:CHEMBL3545159	UMLS:C0038220	0
pubchem.compound:64929	UMLS:C0007781	0
pubchem.compound:9833407	UMLS:C0345904	0
pubchem.compound:12555	UMLS:C2931218	0
pubchem.compound:2474	UMLS:C0151699	0
pubchem.compound:33624	UMLS:C4025870	0
pubchem.compound:9560989	UMLS:C1836653	0
pubchem.compound:11430856	UMLS:C0028878	0
pubchem.compound:86707828	UMLS:C0085610	0
pubchem.compound:12947	UMLS:C5394226	0
pubchem.compound:5283731	UMLS:C0238052	0
CHEMBL:CHEMBL4594505	UMLS:C3151057	0
pubchem.compound:24749700	UMLS:C2750824	0
pubchem.compound:135413520	UMLS:C0026858	0
CHEMBL:CHEMBL136478	UMLS:C4703449	0
pubchem.compound:134436906	UMLS:C0018923	0
pubchem.compound:657309	UMLS:C0020456	0
CHEMBL:CHEMBL4298209	UMLS:C0157721	0
pubchem.compound:91617630	UMLS:C0154830	0
CHEMBL:CHEMBL1201421	UMLS:C4479476	0
pubchem.compound:11671467	UMLS:C3281201	0
pubchem.compound:3676	UMLS:C3495488	0
pubchem.compound:16219577	UMLS:C0008479	0
pubchem.compound:249332	UMLS:C0037763	0
CHEMBL:CHEMBL3039545	UMLS:C1719382	0
CHEMBL:CHEMBL4297536	UMLS:C4693843	0
CHEMBL:CHEMBL2108730	UMLS:C0752105	0
pubchem.compound:135409453	UMLS:C4747984	0
CHEMBL:CHEMBL3301587	UMLS:C0376407	0
CHEMBL:CHEMBL1201833	UMLS:C0270790	0
pubchem.compound:644241	UMLS:C5774259	0
pubchem.compound:9818306	UMLS:C2675186	0
CHEMBL:CHEMBL3989987	UMLS:C0001308	0
pubchem.compound:71301	UMLS:C0270210	0
pubchem.compound:13342	UMLS:C0525045	0
pubchem.compound:23681059	UMLS:C4539937	0
pubchem.compound:156391	UMLS:C2676723	0
pubchem.compound:5284512	UMLS:C0085110	0
pubchem.compound:5284443	UMLS:C4551501	0
pubchem.compound:60560	UMLS:C3151037	0
pubchem.compound:60961	UMLS:C0006267	0
pubchem.compound:2162	UMLS:C0031762	0
pubchem.compound:23663956	UMLS:C0376358	0
pubchem.compound:4746	UMLS:C1837249	0
pubchem.compound:58438464	UMLS:C0006111	0
pubchem.compound:2160	UMLS:C1858501	0
pubchem.compound:49806720	UMLS:C3280054	0
pubchem.compound:11597698	UMLS:C3809888	0
pubchem.compound:39765	UMLS:C3151752	0
pubchem.compound:122662112	UMLS:C1862382	0
pubchem.compound:5281040	UMLS:C5676973	0
pubchem.compound:637568	UMLS:C0238198	0
pubchem.compound:9867812	UMLS:C3502809	0
pubchem.compound:5388983	UMLS:C0271097	0
pubchem.compound:10288191	UMLS:C5680348	0
pubchem.compound:3386	UMLS:C0151779	0
pubchem.compound:122662112	UMLS:C4509024	0
pubchem.compound:2083	UMLS:C4552543	0
pubchem.compound:451668	UMLS:C0029493	0
pubchem.compound:6918554	UMLS:C3809192	0
CHEMBL:CHEMBL4297750	UMLS:C0038273	0
pubchem.compound:5359	UMLS:C2700405	0
pubchem.compound:2724118	UMLS:C0000889	0
pubchem.compound:39765	UMLS:C4310764	0
pubchem.compound:23729157	UMLS:C0025500	0
CHEMBL:CHEMBL4298086	UMLS:C0878676	0
pubchem.compound:53241147	UMLS:C0010200	0
CHEMBL:CHEMBL1201513	UMLS:C1846038	0
pubchem.compound:90661668	UMLS:C0221765	0
pubchem.compound:2724385	UMLS:C0342684	0
pubchem.compound:4946	UMLS:C4748770	0
pubchem.compound:337359	UMLS:C0007873	0
CHEMBL:CHEMBL1201662	UMLS:C2930970	0
pubchem.compound:25062766	UMLS:C0339527	0
pubchem.compound:73417116	UMLS:C5551003	0
CHEMBL:CHEMBL1201421	UMLS:C0007137	0
CHEMBL:CHEMBL1201631	UMLS:C0003486	0
pubchem.compound:2583	UMLS:C0206711	0
pubchem.compound:124181541	UMLS:C4721436	0
CHEMBL:CHEMBL2108723	UMLS:C1832841	0
pubchem.compound:6918011	UMLS:C0085610	0
pubchem.compound:3001028	UMLS:C1849394	0
CHEMBL:CHEMBL1743044	UMLS:C0699791	0
pubchem.compound:72078	UMLS:C3710589	0
pubchem.compound:66265	UMLS:C0029595	0
pubchem.compound:46207586	UMLS:C3151519	0
pubchem.compound:11167602	UMLS:C3276096	0
CHEMBL:CHEMBL2109093	UMLS:C0029410	0
pubchem.compound:13810	UMLS:C0013415	0
CHEMBL:CHEMBL1201583	UMLS:C0339535	0
CHEMBL:CHEMBL2108184	UMLS:C2931132	0
CHEMBL:CHEMBL2109457	UMLS:C0270496	0
pubchem.compound:9838021	UMLS:C0010054	0
pubchem.compound:45138527	UMLS:C0010674	0
pubchem.compound:4205	UMLS:C1368683	0
pubchem.compound:5381	UMLS:C0026766	0
pubchem.compound:23674183	UMLS:C0750994	0
pubchem.compound:5494449	UMLS:C4225359	0
pubchem.compound:11965427	UMLS:C0018944	0
pubchem.compound:2088	UMLS:C0524582	0
CHEMBL:CHEMBL1201438	UMLS:C0038868	0
pubchem.compound:16130957	UMLS:C5680182	0
pubchem.compound:6918554	UMLS:C4722277	0
pubchem.compound:11671467	UMLS:C4706415	0
pubchem.compound:154257	UMLS:C1837008	0
pubchem.compound:63002	UMLS:C0022578	0
pubchem.compound:11534420	UMLS:C0029823	0
pubchem.compound:46216795	UMLS:C0008780	0
pubchem.compound:6439522	UMLS:C0011303	0
pubchem.compound:125017	UMLS:C0079745	0
CHEMBL:CHEMBL3545262	UMLS:C0333641	0
pubchem.compound:5090	UMLS:C0034935	0
pubchem.compound:46216795	UMLS:C0271577	0
pubchem.compound:58438464	UMLS:C0342154	0
pubchem.compound:135400189	UMLS:C1854988	0
pubchem.compound:135413538	UMLS:C1859372	0
pubchem.compound:60560	UMLS:C4751003	0
pubchem.compound:6918456	UMLS:C0003910	0
pubchem.compound:12714644	UMLS:C4022737	0
pubchem.compound:5311128	UMLS:C3489532	0
CHEMBL:CHEMBL5315048	UMLS:C0018553	0
pubchem.compound:4192	UMLS:C2751088	0
pubchem.compound:23663996	UMLS:C1846529	0
pubchem.compound:86294073	UMLS:C0238062	0
pubchem.compound:6018	UMLS:C4310728	0
pubchem.compound:5311068	UMLS:C0018818	0
pubchem.compound:73355910	UMLS:C1861355	0
pubchem.compound:4020	UMLS:C1858050	0
pubchem.compound:154101	UMLS:C5680343	0
pubchem.compound:25074887	UMLS:C4225359	0
pubchem.compound:91754527	UMLS:C1833590	0
CHEMBL:CHEMBL4594334	UMLS:C0472803	0
pubchem.compound:9811834	UMLS:C5830322	0
pubchem.compound:359	UMLS:C5548200	0
pubchem.compound:11685945	UMLS:C3541994	0
pubchem.compound:60199242	UMLS:C0349218	0
pubchem.compound:71761627	UMLS:C4706415	0
CHEMBL:CHEMBL1201692	UMLS:C4707180	0
pubchem.compound:34312	UMLS:C5681644	0
pubchem.compound:1549120	UMLS:C0220765	0
pubchem.compound:41693	UMLS:C0037772	0
pubchem.compound:3784	UMLS:C0039075	0
CHEMBL:CHEMBL4297877	UMLS:C3280785	0
pubchem.compound:135565923	UMLS:C4049796	0
pubchem.compound:4205	UMLS:C0342257	0
pubchem.compound:56801	UMLS:C1862382	0
CHEMBL:CHEMBL1743044	UMLS:C2931498	0
pubchem.compound:5419	UMLS:C0037317	0
pubchem.compound:3559	UMLS:C0158252	0
pubchem.compound:25062766	UMLS:C0020459	0
CHEMBL:CHEMBL1201581	UMLS:C1859690	0
pubchem.compound:134780	UMLS:C0004782	0
CHEMBL:CHEMBL1201568	UMLS:C0152200	0
pubchem.compound:5816	UMLS:C5676969	0
pubchem.compound:4927	UMLS:C0002625	0
pubchem.compound:135413538	UMLS:C5436576	0
pubchem.compound:135476717	UMLS:C5436505	0
pubchem.compound:25267009	UMLS:C3549845	0
pubchem.compound:11557040	UMLS:C5816750	0
CHEMBL:CHEMBL3707229	UMLS:C0521620	0
pubchem.compound:5593	UMLS:C0087086	0
CHEMBL:CHEMBL4297839	UMLS:C4748759	0
pubchem.compound:130904	UMLS:C4016055	0
pubchem.compound:46189893	UMLS:C4023354	0
pubchem.compound:171359947	UMLS:C0156257	0
pubchem.compound:90661668	UMLS:C1135745	0
pubchem.compound:57363	UMLS:C0025500	0
pubchem.compound:25062766	UMLS:C0038358	0
pubchem.compound:5284549	UMLS:C0079301	0
pubchem.compound:46224413	UMLS:C4755257	0
CHEMBL:CHEMBL2108791	UMLS:C0010278	0
CHEMBL:CHEMBL4297770	UMLS:C0752323	0
pubchem.compound:4474	UMLS:C0268149	0
pubchem.compound:5878	UMLS:C5191005	0
pubchem.compound:9903778	UMLS:C0278701	0
CHEMBL:CHEMBL1201827	UMLS:C0266642	0
pubchem.compound:156009451	UMLS:C0575897	0
pubchem.compound:60699	UMLS:C0206726	0
pubchem.compound:5035	UMLS:C0001418	0
pubchem.compound:25126798	UMLS:C4551825	0
pubchem.compound:135566083	UMLS:C0085159	0
CHEMBL:CHEMBL4297949	UMLS:C0239842	0
pubchem.compound:175804	UMLS:C0085090	0
pubchem.compound:5160	UMLS:C1832931	0
pubchem.compound:135400189	UMLS:C1833236	0
pubchem.compound:11338033	UMLS:C0236811	0
pubchem.compound:64648	UMLS:C2697932	0
CHEMBL:CHEMBL3833342	UMLS:C1305122	0
pubchem.compound:5742	UMLS:C1864850	0
CHEMBL:CHEMBL2109065	UMLS:C5562075	0
pubchem.compound:11285792	UMLS:C3554398	0
pubchem.compound:3559	UMLS:C2751321	0
pubchem.compound:11237762	UMLS:C0431362	0
pubchem.compound:16102897	UMLS:C5676973	0
pubchem.compound:2375	UMLS:C0393814	0
pubchem.compound:132999	UMLS:C3152144	0
pubchem.compound:3658	UMLS:C0220998	0
CHEMBL:CHEMBL2109433	UMLS:C0268634	0
pubchem.compound:443872	UMLS:C5680452	0
CHEMBL:CHEMBL1201564	UMLS:C5574705	0
CHEMBL:CHEMBL1742999	UMLS:C0344730	0
pubchem.compound:11167602	UMLS:C0730290	0
pubchem.compound:25126798	UMLS:C0338575	0
pubchem.compound:5994	UMLS:C0149649	0
CHEMBL:CHEMBL4650518	UMLS:C0151691	0
pubchem.compound:11640390	UMLS:C0085084	0
pubchem.compound:23667642	UMLS:C4751168	0
pubchem.compound:107782	UMLS:C1970859	0
pubchem.compound:9845306	UMLS:C0032897	0
CHEMBL:CHEMBL1237022	UMLS:C0751955	0
pubchem.compound:60822	UMLS:C5830346	0
pubchem.compound:16129706	UMLS:C1836651	0
pubchem.compound:31307	UMLS:C0524620	0
CHEMBL:CHEMBL1201649	UMLS:C0014877	0
pubchem.compound:9867812	UMLS:C1867969	0
CHEMBL:CHEMBL2107884	UMLS:C4748759	0
pubchem.compound:11243969	UMLS:C0029810	0
pubchem.compound:24812758	UMLS:C0393541	0
pubchem.compound:53235510	UMLS:C3809427	0
pubchem.compound:52938427	UMLS:C1333813	0
pubchem.compound:11326715	UMLS:C0009404	0
pubchem.compound:134821691	UMLS:C3150705	0
pubchem.compound:24776445	UMLS:C2676723	0
pubchem.compound:6918305	UMLS:C0268149	0
CHEMBL:CHEMBL1743026	UMLS:C0243057	0
CHEMBL:CHEMBL1743034	UMLS:C1850049	0
pubchem.compound:135409453	UMLS:C1857775	0
pubchem.compound:5018304	UMLS:C0152021	0
pubchem.compound:166625231	UMLS:C0041955	0
pubchem.compound:62882	UMLS:C2751826	0
pubchem.compound:4594	UMLS:C0010324	0
pubchem.compound:5328940	UMLS:C0020429	0
pubchem.compound:3964	UMLS:C0333355	0
pubchem.compound:59768	UMLS:C3496337	0
CHEMBL:CHEMBL1201831	UMLS:C3150852	0
pubchem.compound:65478	UMLS:C1850451	0
pubchem.compound:38945	UMLS:C0157743	0
pubchem.compound:66259	UMLS:C0588008	0
pubchem.compound:77991	UMLS:C0556385	0
pubchem.compound:23663996	UMLS:C3551954	0
pubchem.compound:4911	UMLS:C5779875	0
pubchem.compound:15983988	UMLS:C0022548	0
pubchem.compound:16362	UMLS:C1841837	0
CHEMBL:CHEMBL4298086	UMLS:C0030554	0
pubchem.compound:6018	UMLS:C0037997	0
pubchem.compound:23652731	UMLS:C0042580	0
pubchem.compound:2265	UMLS:C0281267	0
CHEMBL:CHEMBL2108709	UMLS:C2697932	0
pubchem.compound:16129483	UMLS:C0032460	0
CHEMBL:CHEMBL4298084	UMLS:C3887980	0
pubchem.compound:636403	UMLS:C5774278	0
pubchem.compound:11683556	UMLS:C0268384	0
CHEMBL:CHEMBL1743007	UMLS:C0344559	0
pubchem.compound:50922675	UMLS:C1565662	0
pubchem.compound:1254	UMLS:C4552543	0
pubchem.compound:6918296	UMLS:C0006118	0
CHEMBL:CHEMBL289228	UMLS:C4551501	0
pubchem.compound:4499	UMLS:C0023467	0
pubchem.compound:60198	UMLS:C4540327	0
pubchem.compound:6279	UMLS:C0265012	0
pubchem.compound:1983	UMLS:C4551563	0
pubchem.compound:60699	UMLS:C5568976	0
pubchem.compound:441336	UMLS:C3551915	0
pubchem.compound:9808998	UMLS:C5543027	0
CHEMBL:CHEMBL1201831	UMLS:C3275959	0
pubchem.compound:130881	UMLS:C0006118	0
pubchem.compound:36314	UMLS:C1721006	0
pubchem.compound:11534420	UMLS:C0268414	0
pubchem.compound:21700	UMLS:C0206711	0
pubchem.compound:4449	UMLS:C0024530	0
pubchem.compound:4212	UMLS:C5436476	0
pubchem.compound:92974	UMLS:C1704375	0
pubchem.compound:5486971	UMLS:C0454542	0
CHEMBL:CHEMBL3707328	UMLS:C5391534	0
CHEMBL:CHEMBL5314551	UMLS:C0524851	0
pubchem.compound:9433	UMLS:C0009324	0
CHEMBL:CHEMBL4297792	UMLS:C0022876	0
pubchem.compound:4510	UMLS:C0002896	0
pubchem.compound:11965427	UMLS:C1274834	0
CHEMBL:CHEMBL4297536	UMLS:C1334655	0
CHEMBL:CHEMBL5314551	UMLS:C0423250	0
pubchem.compound:92974	UMLS:C3151356	0
pubchem.compound:11954316	UMLS:C4016256	0
pubchem.compound:11949652	UMLS:C0027765	0
pubchem.compound:11154555	UMLS:C0033774	0
pubchem.compound:123619	UMLS:C0008780	0
pubchem.compound:5280360	UMLS:C0029928	0
pubchem.compound:4456	UMLS:C0752351	0
pubchem.compound:9832447	UMLS:C0678807	0
pubchem.compound:5288826	UMLS:C0024117	0
pubchem.compound:68210102	UMLS:C0013990	0
pubchem.compound:9871419	UMLS:C0024809	0
pubchem.compound:11990828	UMLS:C0559470	0
pubchem.compound:4932	UMLS:C0155299	0
pubchem.compound:5807	UMLS:C0265535	0
pubchem.compound:24785956	UMLS:C4023106	0
pubchem.compound:5735	UMLS:C0752347	0
pubchem.compound:10280735	UMLS:C2750027	0
pubchem.compound:3059	UMLS:C0750994	0
pubchem.compound:64929	UMLS:C0010200	0
pubchem.compound:9854073	UMLS:C4016266	0
CHEMBL:CHEMBL2108278	UMLS:C1136210	0
pubchem.compound:3440	UMLS:C0751383	0
pubchem.compound:3902	UMLS:C4748694	0
CHEMBL:CHEMBL3990016	UMLS:C0029591	0
pubchem.compound:67462786	UMLS:C1456784	0
CHEMBL:CHEMBL1201520	UMLS:C2751315	0
pubchem.compound:68740	UMLS:C4225314	0
pubchem.compound:16129483	UMLS:C0035344	0
pubchem.compound:3034010	UMLS:C5193074	0
pubchem.compound:62886	UMLS:C1842534	0
pubchem.compound:4499	UMLS:C2673535	0
CHEMBL:CHEMBL4297949	UMLS:C4016052	0
pubchem.compound:9294	UMLS:C0025322	0
pubchem.compound:84003	UMLS:C4023814	0
pubchem.compound:443967	UMLS:C3150417	0
pubchem.compound:44181686	UMLS:C3694279	0
CHEMBL:CHEMBL1743029	UMLS:C4225429	0
pubchem.compound:104850	UMLS:C1867439	0
pubchem.compound:5408	UMLS:C0004903	0
pubchem.compound:5352062	UMLS:C0433856	0
CHEMBL:CHEMBL4297852	UMLS:C0015696	0
pubchem.compound:23663870	UMLS:C0349788	0
CHEMBL:CHEMBL2109636	UMLS:C4225207	0
pubchem.compound:10257882	UMLS:C0019202	0
pubchem.compound:5311067	UMLS:C5543531	0
pubchem.compound:5330286	UMLS:C2748542	0
pubchem.compound:9911830	UMLS:C0270458	0
pubchem.compound:37542	UMLS:C5543243	0
pubchem.compound:58557659	UMLS:C0265202	0
pubchem.compound:5281071	UMLS:C0375359	0
pubchem.compound:11965427	UMLS:C2931383	0
pubchem.compound:5352062	UMLS:C0265998	0
pubchem.compound:3038	UMLS:C2931743	0
CHEMBL:CHEMBL1201697	UMLS:C0024301	0
pubchem.compound:2118	UMLS:C0241910	0
CHEMBL:CHEMBL1201439	UMLS:C0158760	0
pubchem.compound:5282451	UMLS:C0026640	0
CHEMBL:CHEMBL3408947	UMLS:C0019829	0
CHEMBL:CHEMBL2364648	UMLS:C4225193	0
pubchem.compound:10343454	UMLS:C1260899	0
pubchem.compound:5978	UMLS:C5676973	0
pubchem.compound:51763	UMLS:C4016059	0
pubchem.compound:23663996	UMLS:C0022568	0
CHEMBL:CHEMBL1743058	UMLS:C0279680	0
CHEMBL:CHEMBL1201558	UMLS:C5681844	0
CHEMBL:CHEMBL4594503	UMLS:C0270914	0
pubchem.compound:11236126	UMLS:C1861922	0
pubchem.compound:5311067	UMLS:C0004030	0
pubchem.compound:9867812	UMLS:C0004782	0
pubchem.compound:9936746	UMLS:C3276036	0
pubchem.compound:58438464	UMLS:C0085580	0
pubchem.compound:107952	UMLS:C1858674	0
pubchem.compound:135449332	UMLS:C0268312	0
CHEMBL:CHEMBL4594618	UMLS:C0029804	0
pubchem.compound:9868491	UMLS:C0423250	0
pubchem.compound:66558664	UMLS:C0178417	0
pubchem.compound:16051941	UMLS:C4540327	0
CHEMBL:CHEMBL3990011	UMLS:C0005910	0
CHEMBL:CHEMBL2108666	UMLS:C5543581	0
pubchem.compound:25151504	UMLS:C4225330	0
pubchem.compound:9865528	UMLS:C1141890	0
pubchem.compound:71412	UMLS:C3553298	0
pubchem.compound:2187	UMLS:C0037929	0
pubchem.compound:11672602	UMLS:C0008489	0
pubchem.compound:11372270	UMLS:C4551860	0
CHEMBL:CHEMBL2108581	UMLS:C0004138	0
CHEMBL:CHEMBL4298207	UMLS:C0272236	0
CHEMBL:CHEMBL1743037	UMLS:C0019100	0
pubchem.compound:11751549	UMLS:C0752332	0
pubchem.compound:11462174	UMLS:C4225330	0
CHEMBL:CHEMBL1743041	UMLS:C0155020	0
pubchem.compound:441207	UMLS:C0341823	0
CHEMBL:CHEMBL4650434	UMLS:C5677001	0
pubchem.compound:23725625	UMLS:C0410422	0
pubchem.compound:5493444	UMLS:C2677180	0
pubchem.compound:9833407	UMLS:C0265610	0
pubchem.compound:121586	UMLS:C0268194	0
pubchem.compound:53465279	UMLS:C2676723	0
pubchem.compound:9838022	UMLS:C0006870	0
pubchem.compound:9651	UMLS:C0152101	0
pubchem.compound:59634741	UMLS:C5779546	0
pubchem.compound:2216	UMLS:C0017605	0
pubchem.compound:4020	UMLS:C0086664	0
pubchem.compound:5807	UMLS:C5437588	0
pubchem.compound:156391	UMLS:C4225348	0
pubchem.compound:46216796	UMLS:C3266898	0
CHEMBL:CHEMBL4297852	UMLS:C0684249	0
CHEMBL:CHEMBL1201562	UMLS:C3178805	0
pubchem.compound:60750	UMLS:C0268414	0
pubchem.compound:4893	UMLS:C1458155	0
pubchem.compound:5282411	UMLS:C1333015	0
CHEMBL:CHEMBL1743007	UMLS:C0752130	0
pubchem.compound:53486179	UMLS:C5779776	0
CHEMBL:CHEMBL1201576	UMLS:C3887898	0
pubchem.compound:2431	UMLS:C1834153	0
pubchem.compound:446220	UMLS:C3279392	0
pubchem.compound:118878093	UMLS:C0036341	0
pubchem.compound:11707110	UMLS:C0005122	0
pubchem.compound:6439522	UMLS:C1858674	0
CHEMBL:CHEMBL4297864	UMLS:C1856127	0
pubchem.compound:6918011	UMLS:C4310715	0
pubchem.compound:657180	UMLS:C3160814	0
CHEMBL:CHEMBL1743034	UMLS:C1847614	0
pubchem.compound:11949652	UMLS:C5680365	0
pubchem.compound:444795	UMLS:C4024936	0
pubchem.compound:9845306	UMLS:C1849699	0
CHEMBL:CHEMBL4298084	UMLS:C0427144	0
pubchem.compound:23663403	UMLS:C0730290	0
pubchem.compound:3000322	UMLS:C0279613	0
pubchem.compound:24889392	UMLS:C0023891	0
CHEMBL:CHEMBL1201574	UMLS:C3551954	0
pubchem.compound:5281078	UMLS:C1458155	0
pubchem.compound:47576	UMLS:C0002452	0
pubchem.compound:3081927	UMLS:C0022568	0
pubchem.compound:5352062	UMLS:C2609414	0
CHEMBL:CHEMBL2108427	UMLS:C0018273	0
pubchem.compound:135398510	UMLS:C3276096	0
pubchem.compound:441358	UMLS:C0151744	0
CHEMBL:CHEMBL3137343	UMLS:C3805411	0
pubchem.compound:4943	UMLS:C1836150	0
pubchem.compound:71717200	UMLS:C0085762	0
pubchem.compound:71269142	UMLS:C4016412	0
CHEMBL:CHEMBL502835	UMLS:C2931498	0
CHEMBL:CHEMBL4650469	UMLS:C4539937	0
pubchem.compound:44591583	UMLS:C0007193	0
pubchem.compound:9803828	UMLS:C0009171	0
pubchem.compound:3510	UMLS:C0011581	0
pubchem.compound:17755248	UMLS:C0428977	0
pubchem.compound:5282379	UMLS:C3696898	0
pubchem.compound:4178	UMLS:C0241397	0
pubchem.compound:30668	UMLS:C4479526	0
pubchem.compound:5284569	UMLS:C1863012	0
pubchem.compound:104741	UMLS:C5561976	0
CHEMBL:CHEMBL2108345	UMLS:C0006118	0
pubchem.compound:68727	UMLS:C4225426	0
pubchem.compound:5311304	UMLS:C4748162	0
pubchem.compound:65825	UMLS:C0162530	0
pubchem.compound:31703	UMLS:C0022521	0
pubchem.compound:17513	UMLS:C0000889	0
CHEMBL:CHEMBL4298086	UMLS:C0029866	0
CHEMBL:CHEMBL2364648	UMLS:C1865866	0
pubchem.compound:4485	UMLS:C0543888	0
pubchem.compound:44591583	UMLS:C0235833	0
pubchem.compound:131679	UMLS:C0278701	0
pubchem.compound:16662431	UMLS:C0031762	0
pubchem.compound:71811910	UMLS:C0008925	0
pubchem.compound:126565	UMLS:C0265220	0
pubchem.compound:441409	UMLS:C5677001	0
pubchem.compound:5732	UMLS:C4228778	0
pubchem.compound:135398510	UMLS:C1849367	0
pubchem.compound:657180	UMLS:C0024623	0
pubchem.compound:9887712	UMLS:C3551954	0
pubchem.compound:23652731	UMLS:C0685889	0
CHEMBL:CHEMBL4297778	UMLS:C1848201	0
pubchem.compound:66558664	UMLS:C2873848	0
pubchem.compound:444036	UMLS:C0232466	0
pubchem.compound:60853	UMLS:C0014457	0
pubchem.compound:11125	UMLS:C0028878	0
CHEMBL:CHEMBL2107881	UMLS:C0238441	0
pubchem.compound:441409	UMLS:C0393598	0
pubchem.compound:2265	UMLS:C0022578	0
pubchem.compound:3559	UMLS:C0028960	0
CHEMBL:CHEMBL4297819	UMLS:C1853743	0
pubchem.compound:5362124	UMLS:C0024433	0
pubchem.compound:4890	UMLS:C1848552	0
pubchem.compound:5070	UMLS:C0007112	0
CHEMBL:CHEMBL3833307	UMLS:C2875058	0
pubchem.compound:16134956	UMLS:C1842581	0
pubchem.compound:71717894	UMLS:C3463897	0
CHEMBL:CHEMBL3301581	UMLS:C5190597	0
pubchem.compound:25102847	UMLS:C4540327	0
CHEMBL:CHEMBL2108481	UMLS:C0035078	0
pubchem.compound:444	UMLS:C3542024	0
pubchem.compound:159603	UMLS:C0017639	0
pubchem.compound:441336	UMLS:C0013336	0
pubchem.compound:60151560	UMLS:C3714958	0
CHEMBL:CHEMBL4297828	UMLS:C3489532	0
pubchem.compound:71717200	UMLS:C0948039	0
pubchem.compound:117761397	UMLS:C3151192	0
pubchem.compound:60199242	UMLS:C0018781	0
pubchem.compound:16158208	UMLS:C0154830	0
pubchem.compound:3016	UMLS:C4016325	0
pubchem.compound:148196	UMLS:C1848137	0
pubchem.compound:13791	UMLS:C0153423	0
pubchem.compound:11671467	UMLS:C1273070	0
pubchem.compound:9941379	UMLS:C1404173	0
pubchem.compound:5284441	UMLS:C0520806	0
pubchem.compound:92786	UMLS:C0005940	0
CHEMBL:CHEMBL2109391	UMLS:C5567789	0
pubchem.compound:441347	UMLS:C1273070	0
pubchem.compound:54911	UMLS:C2752072	0
pubchem.compound:16219577	UMLS:C0002940	0
pubchem.compound:86567195	UMLS:C2931838	0
pubchem.compound:129269915	UMLS:C3463824	0
pubchem.compound:6918132	UMLS:C0034935	0
pubchem.compound:5282451	UMLS:C4539997	0
pubchem.compound:25151352	UMLS:C5436867	0
pubchem.compound:1349907	UMLS:C1135747	0
CHEMBL:CHEMBL2364653	UMLS:C0265306	0
pubchem.compound:24780598	UMLS:C0030567	0
pubchem.compound:145948323	UMLS:C0023891	0
pubchem.compound:9870520	UMLS:C0270911	0
CHEMBL:CHEMBL1743026	UMLS:C2609414	0
pubchem.compound:25108829	UMLS:C0264774	0
CHEMBL:CHEMBL1742982	UMLS:C4539919	0
pubchem.compound:2578	UMLS:C0242184	0
pubchem.compound:50225	UMLS:C5681601	0
pubchem.compound:104850	UMLS:C1856019	0
CHEMBL:CHEMBL1201821	UMLS:C0020578	0
CHEMBL:CHEMBL1743048	UMLS:C5774241	0
pubchem.compound:3000715	UMLS:C1849813	0
pubchem.compound:135564985	UMLS:C4310691	0
pubchem.compound:160355	UMLS:C0162674	0
pubchem.compound:60854	UMLS:C4021806	0
pubchem.compound:16051941	UMLS:C1867971	0
pubchem.compound:49841217	UMLS:C0003119	0
pubchem.compound:6918296	UMLS:C1832388	0
pubchem.compound:4485	UMLS:C1835671	0
pubchem.compound:24776445	UMLS:C4551485	0
CHEMBL:CHEMBL4650469	UMLS:C0156147	0
pubchem.compound:67517580	UMLS:C1858854	0
pubchem.compound:23650961	UMLS:C0478085	0
pubchem.compound:46224413	UMLS:C4021768	0
pubchem.compound:16759173	UMLS:C4016052	0
pubchem.compound:91885457	UMLS:C0282207	0
pubchem.compound:60834	UMLS:C4284595	0
pubchem.compound:5090	UMLS:C0265998	0
CHEMBL:CHEMBL1743082	UMLS:C0020578	0
CHEMBL:CHEMBL1201558	UMLS:C0085547	0
pubchem.compound:121587	UMLS:C5433293	0
CHEMBL:CHEMBL1201583	UMLS:C0014457	0
pubchem.compound:166589	UMLS:C4014294	0
pubchem.compound:14219	UMLS:C5779875	0
pubchem.compound:3108	UMLS:C4017280	0
pubchem.compound:68289010	UMLS:C0026848	0
pubchem.compound:13791	UMLS:C0034012	0
pubchem.compound:2375	UMLS:C0206639	0
pubchem.compound:4211	UMLS:C1853833	0
pubchem.compound:57469	UMLS:C0027709	0
pubchem.compound:74763937	UMLS:C0241240	0
CHEMBL:CHEMBL2108429	UMLS:C0006413	0
pubchem.compound:6914273	UMLS:C3551915	0
pubchem.compound:444	UMLS:C3532934	0
pubchem.compound:9971980	UMLS:C3149117	0
pubchem.compound:13620391	UMLS:C0478066	0
pubchem.compound:6433095	UMLS:C0264490	0
pubchem.compound:2724385	UMLS:C0013604	0
pubchem.compound:5288826	UMLS:C0344432	0
CHEMBL:CHEMBL1201821	UMLS:C0010278	0
pubchem.compound:5280723	UMLS:C4225227	0
pubchem.compound:42113	UMLS:C0015672	0
pubchem.compound:11672602	UMLS:C0497406	0
pubchem.compound:135400182	UMLS:C4722277	0
CHEMBL:CHEMBL3707314	UMLS:C0041295	0
pubchem.compound:9568614	UMLS:C0271623	0
CHEMBL:CHEMBL2364655	UMLS:C0162309	0
pubchem.compound:135565166	UMLS:C0023817	0
pubchem.compound:2092	UMLS:C0007398	0
pubchem.compound:5359	UMLS:C0340493	0
pubchem.compound:5281004	UMLS:C0424605	0
pubchem.compound:6439522	UMLS:C0234629	0
pubchem.compound:5909	UMLS:C0574080	0
pubchem.compound:4917	UMLS:C5680510	0
CHEMBL:CHEMBL1743081	UMLS:C4748839	0
pubchem.compound:66265	UMLS:C2677180	0
pubchem.compound:4636	UMLS:C0342473	0
pubchem.compound:26133	UMLS:C0042580	0
CHEMBL:CHEMBL1789844	UMLS:C3150899	0
pubchem.compound:49846579	UMLS:C0018524	0
pubchem.compound:7029	UMLS:C0423112	0
pubchem.compound:21700	UMLS:C0036439	0
pubchem.compound:5741	UMLS:C0039231	0
CHEMBL:CHEMBL2109457	UMLS:C0035410	0
CHEMBL:CHEMBL1201560	UMLS:C0018099	0
pubchem.compound:16231	UMLS:C0003493	0
CHEMBL:CHEMBL2109093	UMLS:C4225207	0
pubchem.compound:5282451	UMLS:C4021085	0
CHEMBL:CHEMBL4297551	UMLS:C5681780	0
CHEMBL:CHEMBL5095052	UMLS:C4539919	0
pubchem.compound:25145656	UMLS:C0001824	0
pubchem.compound:4485	UMLS:C0344315	0
pubchem.compound:11285002	UMLS:C0031762	0
pubchem.compound:146571	UMLS:C0020623	0
pubchem.compound:9820008	UMLS:C0022660	0
CHEMBL:CHEMBL4297852	UMLS:C3280054	0
pubchem.compound:9875401	UMLS:C1708371	0
pubchem.compound:10660	UMLS:C0270824	0
pubchem.compound:62884	UMLS:C0271093	0
pubchem.compound:6918554	UMLS:C0023827	0
pubchem.compound:118115473	UMLS:C0023264	0
CHEMBL:CHEMBL5095303	UMLS:C0036421	0
pubchem.compound:5743	UMLS:C0221217	0
CHEMBL:CHEMBL595	UMLS:C1850451	0
pubchem.compound:49841217	UMLS:C0001418	0
CHEMBL:CHEMBL1201657	UMLS:C0003742	0
pubchem.compound:5284627	UMLS:C0027889	0
pubchem.compound:16102897	UMLS:C0344516	0
pubchem.compound:49831257	UMLS:C3151303	0
pubchem.compound:36811	UMLS:C0009363	0
pubchem.compound:50922675	UMLS:C0038220	0
pubchem.compound:4020	UMLS:C0004763	0
pubchem.compound:11285002	UMLS:C4022814	0
CHEMBL:CHEMBL1743050	UMLS:C1846896	0
pubchem.compound:5754	UMLS:C0024408	0
pubchem.compound:3559	UMLS:C0027765	0
pubchem.compound:9854073	UMLS:C4277682	0
CHEMBL:CHEMBL4297887	UMLS:C3489726	0
pubchem.compound:23663996	UMLS:C0162823	0
pubchem.compound:4095	UMLS:C0017601	0
pubchem.compound:9924495	UMLS:C0268487	0
pubchem.compound:135449518	UMLS:C5681191	0
CHEMBL:CHEMBL1201716	UMLS:C0268483	0
pubchem.compound:10158453	UMLS:C5543531	0
pubchem.compound:23674541	UMLS:C0153460	0
pubchem.compound:11450633	UMLS:C0023487	0
pubchem.compound:5419	UMLS:C2931743	0
pubchem.compound:3410	UMLS:C4751003	0
pubchem.compound:107969	UMLS:C0024433	0
pubchem.compound:9870652	UMLS:C0013069	0
pubchem.compound:5282409	UMLS:C0948039	0
CHEMBL:CHEMBL1201828	UMLS:C0455988	0
CHEMBL:CHEMBL2108570	UMLS:C0234533	0
pubchem.compound:126506029	UMLS:C0157916	0
pubchem.compound:23674183	UMLS:C0543888	0
pubchem.compound:54678486	UMLS:C0039101	0
CHEMBL:CHEMBL4297580	UMLS:C4748455	0
pubchem.compound:3878	UMLS:C0557874	0
pubchem.compound:44139752	UMLS:C4013699	0
pubchem.compound:92786	UMLS:C0009405	0
CHEMBL:CHEMBL2108723	UMLS:C4020867	0
pubchem.compound:3678	UMLS:C5680507	0
pubchem.compound:130904	UMLS:C4024448	0
CHEMBL:CHEMBL4298086	UMLS:C0003123	0
pubchem.compound:5362119	UMLS:C0085084	0
pubchem.compound:3446	UMLS:C0027889	0
pubchem.compound:5288320	UMLS:C0265998	0
pubchem.compound:3117	UMLS:C0007570	0
pubchem.compound:16136245	UMLS:C5568976	0
CHEMBL:CHEMBL4594505	UMLS:C0013423	0
pubchem.compound:5743	UMLS:C0398794	0
pubchem.compound:896	UMLS:C1276035	0
pubchem.compound:15130	UMLS:C0344724	0
pubchem.compound:11519069	UMLS:C0040053	0
pubchem.compound:9444	UMLS:C1404173	0
pubchem.compound:64929	UMLS:C0271582	0
pubchem.compound:5311027	UMLS:C0392470	0
pubchem.compound:5339	UMLS:C0013080	0
CHEMBL:CHEMBL4297832	UMLS:C2673535	0
CHEMBL:CHEMBL4297728	UMLS:C5774259	0
pubchem.compound:11250647	UMLS:C0029792	0
pubchem.compound:9831642	UMLS:C0042580	0
pubchem.compound:9867812	UMLS:C0153519	0
pubchem.compound:37542	UMLS:C0017919	0
CHEMBL:CHEMBL1743058	UMLS:C5231424	0
pubchem.compound:30928	UMLS:C1848070	0
pubchem.compound:3333	UMLS:C4551602	0
pubchem.compound:65157	UMLS:C0023976	0
pubchem.compound:9852746	UMLS:C0234629	0
pubchem.compound:4168	UMLS:C0282193	0
pubchem.compound:135413523	UMLS:C0403397	0
pubchem.compound:25108829	UMLS:C5543526	0
pubchem.compound:5709	UMLS:C0010068	0
CHEMBL:CHEMBL1201631	UMLS:C0015695	0
pubchem.compound:5556	UMLS:C5680502	0
pubchem.compound:447715	UMLS:C1519086	0
CHEMBL:CHEMBL1742994	UMLS:C1275808	0
pubchem.compound:53486179	UMLS:C0025294	0
pubchem.compound:28620	UMLS:C4551501	0
pubchem.compound:3100	UMLS:C1837397	0
pubchem.compound:5487427	UMLS:C3808920	0
pubchem.compound:6436	UMLS:C0266589	0
CHEMBL:CHEMBL1201574	UMLS:C4284595	0
pubchem.compound:451668	UMLS:C5436823	0
CHEMBL:CHEMBL2364653	UMLS:C0520575	0
CHEMBL:CHEMBL2109613	UMLS:C0020538	0
pubchem.compound:43157	UMLS:C3553661	0
pubchem.compound:3345	UMLS:C0039338	0
pubchem.compound:5920	UMLS:C0041327	0
pubchem.compound:129073603	UMLS:C0004030	0
pubchem.compound:4485	UMLS:C0553604	0
pubchem.compound:5360733	UMLS:C0009363	0
pubchem.compound:5807	UMLS:C0002888	0
pubchem.compound:1548953	UMLS:C4016457	0
pubchem.compound:5288826	UMLS:C1834674	0
pubchem.compound:107969	UMLS:C0010324	0
pubchem.compound:44595079	UMLS:C0282193	0
pubchem.compound:5311221	UMLS:C4021808	0
pubchem.compound:3062316	UMLS:C0175709	0
pubchem.compound:3000322	UMLS:C0003486	0
pubchem.compound:208902	UMLS:C5193074	0
pubchem.compound:9870520	UMLS:C0027609	0
pubchem.compound:4178	UMLS:C0264774	0
pubchem.compound:60815	UMLS:C0162835	0
pubchem.compound:5365247	UMLS:C0020517	0
CHEMBL:CHEMBL2109171	UMLS:C3501848	0
pubchem.compound:4543	UMLS:C3850148	0
pubchem.compound:6883	UMLS:C4316870	0
pubchem.compound:31401	UMLS:C0155299	0
pubchem.compound:3108	UMLS:C1843153	0
pubchem.compound:121586	UMLS:C3808920	0
CHEMBL:CHEMBL4594511	UMLS:C5436692	0
CHEMBL:CHEMBL1201610	UMLS:C0023264	0
pubchem.compound:4411	UMLS:C0855740	0
pubchem.compound:145068	UMLS:C0023462	0
CHEMBL:CHEMBL4650393	UMLS:C0220669	0
pubchem.compound:55182	UMLS:C5681167	0
CHEMBL:CHEMBL4298176	UMLS:C0152455	0
pubchem.compound:71577426	UMLS:C0242342	0
pubchem.compound:5359	UMLS:C2678477	0
pubchem.compound:25161177	UMLS:C5830433	0
pubchem.compound:261004	UMLS:C0342276	0
pubchem.compound:135398737	UMLS:C5561981	0
pubchem.compound:5755	UMLS:C2675186	0
pubchem.compound:5282448	UMLS:C0007103	0
CHEMBL:CHEMBL1742991	UMLS:C4021808	0
pubchem.compound:60749	UMLS:C0001815	0
pubchem.compound:5487427	UMLS:C0013363	0
CHEMBL:CHEMBL4297788	UMLS:C3501848	0
CHEMBL:CHEMBL4594242	UMLS:C5562018	0
pubchem.compound:175804	UMLS:C1299247	0
CHEMBL:CHEMBL5095303	UMLS:C0037277	0
pubchem.compound:16129706	UMLS:C5193097	0
pubchem.compound:656862	UMLS:C0039231	0
CHEMBL:CHEMBL4650514	UMLS:C0542514	0
pubchem.compound:2366	UMLS:C3275495	0
pubchem.compound:125017	UMLS:C0029458	0
pubchem.compound:108000	UMLS:C0005587	0
pubchem.compound:118196485	UMLS:C2750078	0
CHEMBL:CHEMBL3545132	UMLS:C1861502	0
pubchem.compound:11243969	UMLS:C4012727	0
pubchem.compound:681	UMLS:C1408182	0
pubchem.compound:25078429	UMLS:C0149931	0
pubchem.compound:2585	UMLS:C4693941	0
pubchem.compound:208902	UMLS:C0272236	0
CHEMBL:CHEMBL4298092	UMLS:C4302893	0
CHEMBL:CHEMBL3990033	UMLS:C3151752	0
pubchem.compound:153994	UMLS:C4704767	0
pubchem.compound:25253377	UMLS:C4518356	0
pubchem.compound:11219835	UMLS:C0026827	0
pubchem.compound:3059	UMLS:C4016819	0
pubchem.compound:249332	UMLS:C0004245	0
CHEMBL:CHEMBL1201505	UMLS:C4693831	0
pubchem.compound:51039094	UMLS:C0282207	0
CHEMBL:CHEMBL3833320	UMLS:C0007766	0
pubchem.compound:10280735	UMLS:C5774300	0
pubchem.compound:9804938	UMLS:C1527349	0
pubchem.compound:121490161	UMLS:C0018944	0
pubchem.compound:2724385	UMLS:C0042138	0
pubchem.compound:4178	UMLS:C0018965	0
pubchem.compound:5284603	UMLS:C0008312	0
pubchem.compound:71657455	UMLS:C1368871	0
CHEMBL:CHEMBL4298124	UMLS:C0559260	0
pubchem.compound:92253	UMLS:C1864498	0
CHEMBL:CHEMBL2007641	UMLS:C0043020	0
CHEMBL:CHEMBL4297877	UMLS:C0751837	0
pubchem.compound:71496458	UMLS:C4225207	0
pubchem.compound:5284569	UMLS:C5830244	0
pubchem.compound:4456	UMLS:C4016055	0
pubchem.compound:189821	UMLS:C0796204	0
pubchem.compound:10182969	UMLS:C4551474	0
pubchem.compound:441409	UMLS:C0206762	0
pubchem.compound:5574	UMLS:C0079765	0
pubchem.compound:5282411	UMLS:C3152144	0
pubchem.compound:3108	UMLS:C3809427	0
pubchem.compound:23706212	UMLS:C0024299	0
pubchem.compound:2895	UMLS:C0272199	0
pubchem.compound:6435415	UMLS:C3278923	0
pubchem.compound:9903778	UMLS:C0002882	0
CHEMBL:CHEMBL2109103	UMLS:C3146244	0
CHEMBL:CHEMBL3039545	UMLS:C0037773	0
pubchem.compound:9971980	UMLS:C0032460	0
pubchem.compound:5741	UMLS:C0333068	0
pubchem.compound:49841217	UMLS:C1832931	0
pubchem.compound:24749700	UMLS:C1853242	0
pubchem.compound:15983988	UMLS:C0270850	0
pubchem.compound:5281071	UMLS:C5830244	0
pubchem.compound:16041424	UMLS:C0086774	0
CHEMBL:CHEMBL4650518	UMLS:C0158451	0
pubchem.compound:86764535	UMLS:C0024408	0
pubchem.compound:130881	UMLS:C0002453	0
pubchem.compound:60853	UMLS:C1868681	0
CHEMBL:CHEMBL2108350	UMLS:C0024620	0
pubchem.compound:3105	UMLS:C1623209	0
pubchem.compound:16961	UMLS:C4016299	0
pubchem.compound:72202474	UMLS:C0012715	0
pubchem.compound:3827	UMLS:C4021762	0
pubchem.compound:49846579	UMLS:C3714958	0
pubchem.compound:65478	UMLS:C0026858	0
CHEMBL:CHEMBL4594618	UMLS:C0344529	0
pubchem.compound:6918554	UMLS:C1848519	0
pubchem.compound:16158208	UMLS:C4275067	0
CHEMBL:CHEMBL1743022	UMLS:C0029410	0
pubchem.compound:11304743	UMLS:C1867904	0
pubchem.compound:15983988	UMLS:C0426870	0
CHEMBL:CHEMBL4594511	UMLS:C3552303	0
pubchem.compound:39765	UMLS:C0031046	0
pubchem.compound:68617	UMLS:C0151313	0
pubchem.compound:3036703	UMLS:C0478066	0
pubchem.compound:2118	UMLS:C1321551	0
pubchem.compound:32170	UMLS:C0375489	0
CHEMBL:CHEMBL4297955	UMLS:C3810294	0
pubchem.compound:4147757	UMLS:C0020635	0
pubchem.compound:44631912	UMLS:C1836727	0
pubchem.compound:10660	UMLS:C0162871	0
pubchem.compound:16130957	UMLS:C3279699	0
pubchem.compound:2267	UMLS:C0342881	0
pubchem.compound:5523	UMLS:C4014869	0
pubchem.compound:11329481	UMLS:C1836694	0
pubchem.compound:441344	UMLS:C0036337	0
pubchem.compound:60490	UMLS:C0003949	0
pubchem.compound:65157	UMLS:C0002940	0
pubchem.compound:3519	UMLS:C1707291	0
pubchem.compound:4158	UMLS:C0221026	0
pubchem.compound:71761627	UMLS:C0266568	0
CHEMBL:CHEMBL2108404	UMLS:C0041955	0
pubchem.compound:4932	UMLS:C0023891	0
pubchem.compound:4746	UMLS:C1859728	0
pubchem.compound:25062766	UMLS:C1861866	0
pubchem.compound:51039094	UMLS:C3896578	0
pubchem.compound:4178	UMLS:C1836653	0
pubchem.compound:444025	UMLS:C5193014	0
CHEMBL:CHEMBL3301581	UMLS:C0853897	0
pubchem.compound:62923	UMLS:C0040715	0
pubchem.compound:134129852	UMLS:C0162568	0
CHEMBL:CHEMBL4297789	UMLS:C4721891	0
pubchem.compound:5284443	UMLS:C4021726	0
pubchem.compound:49836020	UMLS:C0265313	0
pubchem.compound:45380979	UMLS:C0025294	0
pubchem.compound:3036703	UMLS:C1275116	0
pubchem.compound:9804938	UMLS:C0020517	0
pubchem.compound:6047	UMLS:C0796154	0
pubchem.compound:6918289	UMLS:C4021808	0
pubchem.compound:4037	UMLS:C0007302	0
pubchem.compound:4991	UMLS:C0027720	0
pubchem.compound:5359318	UMLS:C2931345	0
pubchem.compound:82146	UMLS:C0036982	0
pubchem.compound:62920	UMLS:C4014918	0
pubchem.compound:9955977	UMLS:C0000889	0
pubchem.compound:86294073	UMLS:C0039338	0
pubchem.compound:60838	UMLS:C0153414	0
pubchem.compound:172197	UMLS:C4747891	0
pubchem.compound:13342	UMLS:C0750442	0
pubchem.compound:68844	UMLS:C1850830	0
pubchem.compound:16662431	UMLS:C0854795	0
pubchem.compound:57389999	UMLS:C0003469	0
pubchem.compound:92337	UMLS:C0007873	0
pubchem.compound:6420057	UMLS:C0007138	0
pubchem.compound:11954316	UMLS:C0221060	0
pubchem.compound:11750009	UMLS:C0007766	0
pubchem.compound:134821691	UMLS:C3810405	0
pubchem.compound:10158453	UMLS:C0376545	0
pubchem.compound:5354	UMLS:C0085547	0
CHEMBL:CHEMBL1201564	UMLS:C0339537	0
pubchem.compound:91617630	UMLS:C0006413	0
pubchem.compound:6436	UMLS:C0428851	0
pubchem.compound:448601	UMLS:C0085628	0
CHEMBL:CHEMBL4650395	UMLS:C0345904	0
CHEMBL:CHEMBL4297779	UMLS:C2748055	0
CHEMBL:CHEMBL1201439	UMLS:C4273714	0
pubchem.compound:11285792	UMLS:C0339573	0
CHEMBL:CHEMBL1201670	UMLS:C1839928	0
pubchem.compound:441344	UMLS:C0151313	0
pubchem.compound:5462328	UMLS:C0235820	0
pubchem.compound:1549000	UMLS:C0270496	0
pubchem.compound:24785956	UMLS:C1843156	0
CHEMBL:CHEMBL2109433	UMLS:C0270855	0
CHEMBL:CHEMBL1201823	UMLS:C0018203	0
CHEMBL:CHEMBL3408947	UMLS:C0917804	0
pubchem.compound:16214875	UMLS:C5393309	0
pubchem.compound:5160	UMLS:C0206138	0
CHEMBL:CHEMBL4297723	UMLS:C0001733	0
CHEMBL:CHEMBL1743037	UMLS:C4016717	0
pubchem.compound:637568	UMLS:C2875058	0
pubchem.compound:37542	UMLS:C1861689	0
pubchem.compound:11431811	UMLS:C4024202	0
pubchem.compound:3055	UMLS:C0270611	0
pubchem.compound:91754527	UMLS:C1861537	0
pubchem.compound:51349053	UMLS:C5568140	0
pubchem.compound:92337	UMLS:C3489726	0
pubchem.compound:9926832	UMLS:C0003910	0
pubchem.compound:9279	UMLS:C4273714	0
pubchem.compound:6451149	UMLS:C0020179	0
pubchem.compound:3519	UMLS:C1848070	0
CHEMBL:CHEMBL2108345	UMLS:C0751955	0
pubchem.compound:2366	UMLS:C0342384	0
pubchem.compound:2083	UMLS:C5681246	0
pubchem.compound:16214875	UMLS:C1527349	0
CHEMBL:CHEMBL1201567	UMLS:C1849265	0
pubchem.compound:5327686	UMLS:C0030201	0
pubchem.compound:148123	UMLS:C4022699	0
CHEMBL:CHEMBL1201570	UMLS:C0042165	0
pubchem.compound:23666110	UMLS:C0745103	0
pubchem.compound:154101	UMLS:C0549622	0
CHEMBL:CHEMBL3707277	UMLS:C0012242	0
CHEMBL:CHEMBL4297711	UMLS:C1840427	0
pubchem.compound:9823820	UMLS:C0005818	0
pubchem.compound:23680530	UMLS:C0158450	0
pubchem.compound:439693	UMLS:C4310691	0
pubchem.compound:439302	UMLS:C4748579	0
CHEMBL:CHEMBL2107979	UMLS:C0750935	0
pubchem.compound:5282379	UMLS:C4721436	0
pubchem.compound:3476	UMLS:C0152200	0
pubchem.compound:6918554	UMLS:C0206138	0
CHEMBL:CHEMBL4594357	UMLS:C0038868	0
pubchem.compound:74763937	UMLS:C5680348	0
pubchem.compound:122197536	UMLS:C1836830	0
pubchem.compound:59768	UMLS:C0016202	0
pubchem.compound:4211	UMLS:C0265747	0
CHEMBL:CHEMBL2108427	UMLS:C0015625	0
pubchem.compound:5401	UMLS:C0037315	0
pubchem.compound:5361	UMLS:C4023248	0
pubchem.compound:92337	UMLS:C0009080	0
pubchem.compound:71680039	UMLS:C0600467	0
pubchem.compound:46189893	UMLS:C0157918	0
pubchem.compound:2431	UMLS:C2752072	0
pubchem.compound:6435415	UMLS:C1837008	0
pubchem.compound:5288783	UMLS:C0477984	0
CHEMBL:CHEMBL2108131	UMLS:C0031572	0
pubchem.compound:2789	UMLS:C3714580	0
pubchem.compound:5362119	UMLS:C1135745	0
pubchem.compound:86705695	UMLS:C0018099	0
CHEMBL:CHEMBL1743050	UMLS:C1970859	0
pubchem.compound:57363	UMLS:C0007097	0
pubchem.compound:86764535	UMLS:C2239176	0
pubchem.compound:443967	UMLS:C1514422	0
CHEMBL:CHEMBL4297240	UMLS:C0001956	0
pubchem.compound:2802	UMLS:C1847626	0
pubchem.compound:62923	UMLS:C3501848	0
pubchem.compound:16158208	UMLS:C0036529	0
CHEMBL:CHEMBL1201831	UMLS:C0019562	0
CHEMBL:CHEMBL1201558	UMLS:C1848137	0
pubchem.compound:78131177	UMLS:C2749215	0
pubchem.compound:9886917	UMLS:C3888087	0
pubchem.compound:119584	UMLS:C2751843	0
CHEMBL:CHEMBL4594338	UMLS:C5394232	0
CHEMBL:CHEMBL1201585	UMLS:C1334603	0
CHEMBL:CHEMBL2107884	UMLS:C0266491	0
pubchem.compound:657298	UMLS:C1956130	0
pubchem.compound:122197536	UMLS:C0149931	0
pubchem.compound:9865515	UMLS:C0002514	0
pubchem.compound:28417	UMLS:C4022814	0
pubchem.compound:5328940	UMLS:C0151878	0
pubchem.compound:5910	UMLS:C0018203	0
pubchem.compound:2723601	UMLS:C3151187	0
pubchem.compound:5745	UMLS:C3495488	0
pubchem.compound:60795	UMLS:C4015388	0
pubchem.compound:9838022	UMLS:C2931816	0
pubchem.compound:1986	UMLS:C0018991	0
pubchem.compound:16533	UMLS:C1848554	0
pubchem.compound:72950888	UMLS:C0949658	0
pubchem.compound:63016	UMLS:C0151878	0
CHEMBL:CHEMBL3707277	UMLS:C0023316	0
CHEMBL:CHEMBL1742994	UMLS:C0029928	0
pubchem.compound:4171	UMLS:C4048270	0
pubchem.compound:122197536	UMLS:C2981140	0
CHEMBL:CHEMBL5095303	UMLS:C1855008	0
pubchem.compound:5284441	UMLS:C0003872	0
pubchem.compound:164522	UMLS:C1969063	0
pubchem.compound:5160	UMLS:C3887876	0
pubchem.compound:71496458	UMLS:C2752072	0
CHEMBL:CHEMBL1201558	UMLS:C0022876	0
pubchem.compound:9854012	UMLS:C0005695	0
CHEMBL:CHEMBL4297756	UMLS:C0021841	0
pubchem.compound:4091	UMLS:C0036346	0
pubchem.compound:11949652	UMLS:C0751527	0
pubchem.compound:4499	UMLS:C4552543	0
pubchem.compound:55182	UMLS:C1541923	0
CHEMBL:CHEMBL4298207	UMLS:C4025596	0
CHEMBL:CHEMBL4297819	UMLS:C1867971	0
pubchem.compound:5311067	UMLS:C3280785	0
pubchem.compound:129228	UMLS:C0035334	0
pubchem.compound:157313	UMLS:C0393770	0
pubchem.compound:2369	UMLS:C0268505	0
pubchem.compound:71269142	UMLS:C3553450	0
pubchem.compound:2811	UMLS:C4014869	0
pubchem.compound:157917	UMLS:C3495498	0
pubchem.compound:189821	UMLS:C0017612	0
pubchem.compound:118161062	UMLS:C1389018	0
pubchem.compound:10113978	UMLS:C0018944	0
pubchem.compound:9903970	UMLS:C0238463	0
pubchem.compound:2733525	UMLS:C1970431	0
CHEMBL:CHEMBL1201577	UMLS:C0265264	0
pubchem.compound:44126305	UMLS:C1864498	0
pubchem.compound:53232	UMLS:C0004763	0
pubchem.compound:5546	UMLS:C0023890	0
pubchem.compound:124081865	UMLS:C1332219	0
pubchem.compound:5574	UMLS:C1861923	0
CHEMBL:CHEMBL2108078	UMLS:C1848954	0
pubchem.compound:135566083	UMLS:C4015368	0
pubchem.compound:5991	UMLS:C4748770	0
CHEMBL:CHEMBL2109667	UMLS:C1332219	0
CHEMBL:CHEMBL2364652	UMLS:C0026010	0
pubchem.compound:11751549	UMLS:C0152459	0
pubchem.compound:68727	UMLS:C0344925	0
pubchem.compound:441290	UMLS:C4021768	0
pubchem.compound:5282448	UMLS:C0025990	0
pubchem.compound:23642301	UMLS:C1858854	0
pubchem.compound:46184405	UMLS:C0034152	0
pubchem.compound:44126305	UMLS:C0020538	0
pubchem.compound:6918081	UMLS:C0231528	0
pubchem.compound:5361918	UMLS:C3554517	0
pubchem.compound:122197536	UMLS:C4274968	0
pubchem.compound:5743	UMLS:C0017601	0
pubchem.compound:63016	UMLS:C0034050	0
pubchem.compound:3715	UMLS:C3554355	0
CHEMBL:CHEMBL4297580	UMLS:C4317124	0
pubchem.compound:3749	UMLS:C3279657	0
pubchem.compound:14675	UMLS:C0040433	0
CHEMBL:CHEMBL1201520	UMLS:C0025362	0
pubchem.compound:25102846	UMLS:C0010606	0
pubchem.compound:5282138	UMLS:C0029227	0
CHEMBL:CHEMBL3707227	UMLS:C0399372	0
pubchem.compound:5018304	UMLS:C1621958	0
CHEMBL:CHEMBL4298084	UMLS:C4225195	0
CHEMBL:CHEMBL4297715	UMLS:C0398562	0
pubchem.compound:134780	UMLS:C2677504	0
pubchem.compound:32169	UMLS:C4510872	0
pubchem.compound:5526	UMLS:C4021762	0
pubchem.compound:3117	UMLS:C5680250	0
pubchem.compound:71602803	UMLS:C0206655	0
pubchem.compound:4616	UMLS:C0040053	0
pubchem.compound:3052776	UMLS:C4016264	0
pubchem.compound:15983988	UMLS:C0031190	0
CHEMBL:CHEMBL4297744	UMLS:C0038868	0
pubchem.compound:5745	UMLS:C0268318	0
pubchem.compound:44146842	UMLS:C0027080	0
pubchem.compound:131634231	UMLS:C0264694	0
pubchem.compound:60199242	UMLS:C2750246	0
CHEMBL:CHEMBL1201505	UMLS:C5543243	0
pubchem.compound:9832447	UMLS:C0001973	0
CHEMBL:CHEMBL4297950	UMLS:C0153423	0
CHEMBL:CHEMBL2108738	UMLS:C1847800	0
pubchem.compound:54676537	UMLS:C5830452	0
pubchem.compound:9868491	UMLS:C0596263	0
pubchem.compound:4075	UMLS:C4085590	0
pubchem.compound:9651	UMLS:C5568766	0
pubchem.compound:16133812	UMLS:C0025322	0
pubchem.compound:5282181	UMLS:C4748770	0
pubchem.compound:11434515	UMLS:C0749424	0
pubchem.compound:71761627	UMLS:C1510489	0
CHEMBL:CHEMBL4594357	UMLS:C0153574	0
pubchem.compound:71412	UMLS:C3714927	0
pubchem.compound:337359	UMLS:C1857775	0
pubchem.compound:23680530	UMLS:C1510502	0
CHEMBL:CHEMBL1743043	UMLS:C0005587	0
CHEMBL:CHEMBL3545262	UMLS:C1836150	0
pubchem.compound:72734520	UMLS:C0243050	0
pubchem.compound:3002977	UMLS:C3275495	0
pubchem.compound:6918837	UMLS:C4748162	0
CHEMBL:CHEMBL2109482	UMLS:C4552078	0
pubchem.compound:23663413	UMLS:C4022458	0
CHEMBL:CHEMBL3989987	UMLS:C0019294	0
pubchem.compound:179344	UMLS:C2608079	0
pubchem.compound:2519	UMLS:C1956349	0
pubchem.compound:38945	UMLS:C0393703	0
pubchem.compound:71384	UMLS:C1527338	0
CHEMBL:CHEMBL4297711	UMLS:C0349639	0
pubchem.compound:5743	UMLS:C0403814	0
CHEMBL:CHEMBL4594385	UMLS:C3551954	0
pubchem.compound:11450633	UMLS:C0003123	0
CHEMBL:CHEMBL413	UMLS:C0858617	0
pubchem.compound:3385	UMLS:C1850830	0
pubchem.compound:5556	UMLS:C0265535	0
pubchem.compound:40973	UMLS:C0154536	0
pubchem.compound:9843750	UMLS:C4551968	0
pubchem.compound:107969	UMLS:C2751682	0
pubchem.compound:92045025	UMLS:C5191005	0
pubchem.compound:5288826	UMLS:C0853697	0
pubchem.compound:3354	UMLS:C0543669	0
pubchem.compound:1986	UMLS:C0243026	0
pubchem.compound:6041	UMLS:C0024117	0
pubchem.compound:16222096	UMLS:C0349506	0
pubchem.compound:57363	UMLS:C1836451	0
pubchem.compound:9827599	UMLS:C0034152	0
pubchem.compound:5152	UMLS:C1860339	0
pubchem.compound:54676228	UMLS:C3151192	0
pubchem.compound:86705695	UMLS:C2936694	0
pubchem.compound:5245	UMLS:C0220697	0
CHEMBL:CHEMBL1201581	UMLS:C0151905	0
pubchem.compound:5210	UMLS:C0153493	0
pubchem.compound:644241	UMLS:C0029591	0
pubchem.compound:2092	UMLS:C0349639	0
pubchem.compound:118513932	UMLS:C5444223	0
pubchem.compound:60846	UMLS:C1292779	0
pubchem.compound:3002977	UMLS:C4748768	0
pubchem.compound:92786	UMLS:C0205875	0
pubchem.compound:63002	UMLS:C2750075	0
pubchem.compound:441074	UMLS:C0035412	0
pubchem.compound:118196485	UMLS:C3281191	0
pubchem.compound:124246	UMLS:C1859773	0
pubchem.compound:9581	UMLS:C5543526	0
pubchem.compound:3488	UMLS:C0027796	0
pubchem.compound:5826	UMLS:C1168401	0
pubchem.compound:126941	UMLS:C2931228	0
CHEMBL:CHEMBL1743081	UMLS:C0035220	0
pubchem.compound:8730	UMLS:C0027051	0
CHEMBL:CHEMBL4298209	UMLS:C5436576	0
pubchem.compound:6918558	UMLS:C0020445	0
pubchem.compound:63009	UMLS:C4014294	0
pubchem.compound:71360	UMLS:C0853697	0
pubchem.compound:6918289	UMLS:C1839840	0
pubchem.compound:4436	UMLS:C1846529	0
CHEMBL:CHEMBL1201571	UMLS:C0860204	0
CHEMBL:CHEMBL4297887	UMLS:C1333015	0
pubchem.compound:5365247	UMLS:C0078917	0
pubchem.compound:1349907	UMLS:C0266551	0
pubchem.compound:4674	UMLS:C1829703	0
CHEMBL:CHEMBL1201574	UMLS:C4273714	0
CHEMBL:CHEMBL4297779	UMLS:C2751763	0
CHEMBL:CHEMBL4297828	UMLS:C5197805	0
pubchem.compound:11431811	UMLS:C1970848	0
pubchem.compound:90467234	UMLS:C0013182	0
CHEMBL:CHEMBL4297879	UMLS:C0030193	0
pubchem.compound:636403	UMLS:C4016042	0
pubchem.compound:72941992	UMLS:C0020564	0
pubchem.compound:11751549	UMLS:C0345049	0
pubchem.compound:5311221	UMLS:C0027889	0
pubchem.compound:39042	UMLS:C4016820	0
pubchem.compound:564	UMLS:C0029445	0
pubchem.compound:11462174	UMLS:C4016279	0
pubchem.compound:59634741	UMLS:C1843920	0
CHEMBL:CHEMBL3707227	UMLS:C1865871	0
pubchem.compound:5361918	UMLS:C5774266	0
pubchem.compound:5152	UMLS:C0302592	0
pubchem.compound:72941992	UMLS:C0268125	0
pubchem.compound:16072155	UMLS:C0520863	0
CHEMBL:CHEMBL2108581	UMLS:C3805326	0
CHEMBL:CHEMBL2109321	UMLS:C3150852	0
CHEMBL:CHEMBL5314348	UMLS:C3279699	0
pubchem.compound:5732	UMLS:C1335062	0
pubchem.compound:9581	UMLS:C4707848	0
pubchem.compound:4418	UMLS:C0032897	0
pubchem.compound:441347	UMLS:C1275808	0
CHEMBL:CHEMBL4297864	UMLS:C1853371	0
pubchem.compound:171359946	UMLS:C1334698	0
pubchem.compound:60852	UMLS:C1868679	0
pubchem.compound:16130957	UMLS:C4755257	0
CHEMBL:CHEMBL1201564	UMLS:C4750849	0
pubchem.compound:5311068	UMLS:C1389018	0
pubchem.compound:4195	UMLS:C4510872	0
pubchem.compound:5282379	UMLS:C2711630	0
CHEMBL:CHEMBL1743037	UMLS:C5830452	0
pubchem.compound:216237	UMLS:C3151139	0
CHEMBL:CHEMBL3833373	UMLS:C1867439	0
pubchem.compound:54454	UMLS:C0013386	0
pubchem.compound:60606	UMLS:C1527336	0
pubchem.compound:7028	UMLS:C1855710	0
CHEMBL:CHEMBL2108185	UMLS:C4721845	0
pubchem.compound:1549000	UMLS:C0236811	0
pubchem.compound:11949652	UMLS:C0036095	0
pubchem.compound:16136245	UMLS:C0001080	0
pubchem.compound:5311497	UMLS:C0006625	0
pubchem.compound:44480399	UMLS:C4282400	0
pubchem.compound:11683556	UMLS:C0042373	0
CHEMBL:CHEMBL1743073	UMLS:C0265306	0
pubchem.compound:71184	UMLS:C0026827	0
CHEMBL:CHEMBL2108078	UMLS:C4512055	0
pubchem.compound:443872	UMLS:C1869117	0
pubchem.compound:3081927	UMLS:C0151699	0
CHEMBL:CHEMBL1742982	UMLS:C0007785	0
pubchem.compound:5090	UMLS:C0948480	0
pubchem.compound:5284603	UMLS:C0024620	0
CHEMBL:CHEMBL4297778	UMLS:C5575375	0
pubchem.compound:2724385	UMLS:C0023827	0
CHEMBL:CHEMBL1201468	UMLS:C0007099	0
pubchem.compound:5210	UMLS:C0868847	0
pubchem.compound:11547499	UMLS:C0036346	0
pubchem.compound:6741	UMLS:C3149074	0
pubchem.compound:9848990	UMLS:C3697119	0
pubchem.compound:118196485	UMLS:C0157917	0
CHEMBL:CHEMBL1743079	UMLS:C5561981	0
pubchem.compound:11519069	UMLS:C0432326	0
CHEMBL:CHEMBL4594505	UMLS:C0858617	0
pubchem.compound:2540	UMLS:C0019569	0
pubchem.compound:6918011	UMLS:C0162557	0
pubchem.compound:129073603	UMLS:C0026764	0
pubchem.compound:44126305	UMLS:C4025019	0
CHEMBL:CHEMBL4594338	UMLS:C1136209	0
pubchem.compound:11434515	UMLS:C0027070	0
CHEMBL:CHEMBL1743085	UMLS:C3150417	0
pubchem.compound:2520	UMLS:C5679828	0
CHEMBL:CHEMBL1201575	UMLS:C0011603	0
CHEMBL:CHEMBL1201515	UMLS:C0027661	0
pubchem.compound:148123	UMLS:C5543581	0
pubchem.compound:60165029	UMLS:C1832388	0
pubchem.compound:60852	UMLS:C2677650	0
CHEMBL:CHEMBL3137343	UMLS:C0410422	0
pubchem.compound:23663991	UMLS:C0155862	0
CHEMBL:CHEMBL3707229	UMLS:C0157917	0
CHEMBL:CHEMBL4297949	UMLS:C1834523	0
pubchem.compound:58557659	UMLS:C5569048	0
pubchem.compound:5327686	UMLS:C1865019	0
pubchem.compound:216210	UMLS:C0018378	0
pubchem.compound:21700	UMLS:C5394081	0
pubchem.compound:208898	UMLS:C1368295	0
pubchem.compound:90409366	UMLS:C4017280	0
pubchem.compound:3333	UMLS:C2931121	0
CHEMBL:CHEMBL2108426	UMLS:C0270612	0
pubchem.compound:2789	UMLS:C2931500	0
pubchem.compound:9832447	UMLS:C0017668	0
CHEMBL:CHEMBL3301583	UMLS:C4020867	0
pubchem.compound:5486971	UMLS:C5574948	0
pubchem.compound:54575456	UMLS:C0014859	0
CHEMBL:CHEMBL4297829	UMLS:C3278923	0
pubchem.compound:124087	UMLS:C0036439	0
pubchem.compound:59634741	UMLS:C0009782	0
pubchem.compound:9933475	UMLS:C4750849	0
CHEMBL:CHEMBL3137353	UMLS:C0004763	0
pubchem.compound:4062	UMLS:C0333355	0
pubchem.compound:118355809	UMLS:C1527168	0
pubchem.compound:11236066	UMLS:C1335167	0
pubchem.compound:44610678	UMLS:C0948163	0
pubchem.compound:5284443	UMLS:C0017920	0
CHEMBL:CHEMBL4297828	UMLS:C0752347	0
pubchem.compound:9833407	UMLS:C1855008	0
pubchem.compound:501391	UMLS:C0238052	0
pubchem.compound:10184665	UMLS:C0029823	0
pubchem.compound:62887	UMLS:C5774300	0
CHEMBL:CHEMBL1201833	UMLS:C1708353	0
pubchem.compound:219024	UMLS:C0020550	0
pubchem.compound:36314	UMLS:C4016054	0
CHEMBL:CHEMBL1201466	UMLS:C0017668	0
pubchem.compound:4037	UMLS:C0265290	0
pubchem.compound:44146842	UMLS:C0242184	0
pubchem.compound:11685945	UMLS:C1968602	0
CHEMBL:CHEMBL3544910	UMLS:C0079924	0
pubchem.compound:11274333	UMLS:C0020476	0
pubchem.compound:46943432	UMLS:C1867969	0
CHEMBL:CHEMBL2108570	UMLS:C1301509	0
CHEMBL:CHEMBL4298089	UMLS:C0206062	0
pubchem.compound:501391	UMLS:C4016325	0
pubchem.compound:449171	UMLS:C1861866	0
pubchem.compound:2160	UMLS:C1563709	0
pubchem.compound:5826	UMLS:C0019202	0
CHEMBL:CHEMBL2108481	UMLS:C0751036	0
pubchem.compound:446541	UMLS:C1333015	0
pubchem.compound:94328	UMLS:C0152421	0
pubchem.compound:2370	UMLS:C0220743	0
CHEMBL:CHEMBL1742982	UMLS:C0376323	0
pubchem.compound:4943	UMLS:C1849075	0
pubchem.compound:54575456	UMLS:C1856121	0
pubchem.compound:5284549	UMLS:C0024305	0
pubchem.compound:5282138	UMLS:C0153519	0
pubchem.compound:23652731	UMLS:C0027746	0
pubchem.compound:5284603	UMLS:C0019202	0
pubchem.compound:5281040	UMLS:C0948039	0
pubchem.compound:9854489	UMLS:C3552634	0
pubchem.compound:107970	UMLS:C0034935	0
CHEMBL:CHEMBL4594338	UMLS:C0026837	0
pubchem.compound:5504	UMLS:C4225348	0
pubchem.compound:135565884	UMLS:C0026884	0
CHEMBL:CHEMBL2109573	UMLS:C0014544	0
CHEMBL:CHEMBL4297722	UMLS:C1836916	0
pubchem.compound:11750009	UMLS:C0264303	0
pubchem.compound:6741	UMLS:C0409667	0
CHEMBL:CHEMBL3707357	UMLS:C0087086	0
pubchem.compound:25126798	UMLS:C5779825	0
CHEMBL:CHEMBL1201419	UMLS:C5190692	0
pubchem.compound:67171867	UMLS:C0333068	0
pubchem.compound:156391	UMLS:C0036346	0
pubchem.compound:46926350	UMLS:C0008928	0
pubchem.compound:67330085	UMLS:C3837967	0
CHEMBL:CHEMBL4298084	UMLS:C4023248	0
pubchem.compound:30928	UMLS:C4749947	0
pubchem.compound:445643	UMLS:C0243057	0
pubchem.compound:156009451	UMLS:C5681167	0
pubchem.compound:9868491	UMLS:C0041834	0
pubchem.compound:9811353	UMLS:C1841837	0
pubchem.compound:51763	UMLS:C5543491	0
pubchem.compound:24889392	UMLS:C4479476	0
pubchem.compound:64929	UMLS:C3280296	0
pubchem.compound:146570	UMLS:C1861456	0
pubchem.compound:5310966	UMLS:C0005612	0
pubchem.compound:10133	UMLS:C3150852	0
pubchem.compound:44093	UMLS:C1970848	0
pubchem.compound:54677470	UMLS:C0003578	0
pubchem.compound:5029	UMLS:C0007786	0
pubchem.compound:6883	UMLS:C0862030	0
pubchem.compound:71226662	UMLS:C4310715	0
pubchem.compound:71602803	UMLS:C0020473	0
pubchem.compound:86294127	UMLS:C1836651	0
pubchem.compound:447715	UMLS:C0153423	0
pubchem.compound:172197	UMLS:C0236969	0
CHEMBL:CHEMBL4297163	UMLS:C1837618	0
pubchem.compound:2369	UMLS:C0029410	0
pubchem.compound:23897	UMLS:C0520575	0
pubchem.compound:6918011	UMLS:C0002896	0
pubchem.compound:30928	UMLS:C5548200	0
pubchem.compound:65264	UMLS:C0042138	0
pubchem.compound:5039	UMLS:C4087347	0
pubchem.compound:10479502	UMLS:C4016274	0
pubchem.compound:92786	UMLS:C0158731	0
CHEMBL:CHEMBL1981592	UMLS:C5680153	0
pubchem.compound:27661	UMLS:C4016053	0
pubchem.compound:3033	UMLS:C0032897	0
pubchem.compound:219078	UMLS:C1836923	0
pubchem.compound:3878	UMLS:C4509024	0
pubchem.compound:5877	UMLS:C0342749	0
pubchem.compound:400769	UMLS:C0085610	0
pubchem.compound:118196485	UMLS:C0015672	0
pubchem.compound:6918132	UMLS:C0014850	0
pubchem.compound:5281884	UMLS:C1849075	0
CHEMBL:CHEMBL1201836	UMLS:C0339535	0
pubchem.compound:2477	UMLS:C3887506	0
CHEMBL:CHEMBL1201716	UMLS:C0020517	0
CHEMBL:CHEMBL2364653	UMLS:C5681191	0
pubchem.compound:9868491	UMLS:C1262477	0
pubchem.compound:62937	UMLS:C0878676	0
pubchem.compound:135398737	UMLS:C0011991	0
pubchem.compound:107969	UMLS:C0349217	0
CHEMBL:CHEMBL1201464	UMLS:C1853863	0
pubchem.compound:444025	UMLS:C2673913	0
CHEMBL:CHEMBL2007641	UMLS:C4317124	0
pubchem.compound:681	UMLS:C3278923	0
pubchem.compound:37542	UMLS:C4757950	0
pubchem.compound:92786	UMLS:C0949690	0
pubchem.compound:25181577	UMLS:C0524851	0
pubchem.compound:154101	UMLS:C0085084	0
pubchem.compound:25074887	UMLS:C0266589	0
pubchem.compound:5284570	UMLS:C0019163	0
pubchem.compound:90467234	UMLS:C0039070	0
pubchem.compound:11672602	UMLS:C0020179	0
CHEMBL:CHEMBL1201468	UMLS:C0036996	0
CHEMBL:CHEMBL1742992	UMLS:C1306122	0
CHEMBL:CHEMBL2109653	UMLS:C0004096	0
pubchem.compound:517326	UMLS:C0018799	0
pubchem.compound:9831643	UMLS:C0011570	0
pubchem.compound:3354	UMLS:C4024448	0
pubchem.compound:4369359	UMLS:C0003089	0
CHEMBL:CHEMBL2107863	UMLS:C0007398	0
CHEMBL:CHEMBL2109433	UMLS:C0205875	0
CHEMBL:CHEMBL3545386	UMLS:C0019243	0
pubchem.compound:68740	UMLS:C0264303	0
pubchem.compound:6918638	UMLS:C0887833	0
pubchem.compound:16041424	UMLS:C0270853	0
pubchem.compound:11399764	UMLS:C1968602	0
pubchem.compound:11304743	UMLS:C0015967	0
pubchem.compound:54671203	UMLS:C2930970	0
pubchem.compound:56959	UMLS:C0011269	0
pubchem.compound:9811353	UMLS:C0740302	0
pubchem.compound:9903778	UMLS:C4016761	0
pubchem.compound:66653479	UMLS:C0020456	0
pubchem.compound:3878	UMLS:C0027796	0
CHEMBL:CHEMBL1201574	UMLS:C3275959	0
pubchem.compound:15983988	UMLS:C1833053	0
CHEMBL:CHEMBL1201657	UMLS:C0023343	0
pubchem.compound:441347	UMLS:C0024232	0
pubchem.compound:5666	UMLS:C0009363	0
pubchem.compound:135409409	UMLS:C0268393	0
CHEMBL:CHEMBL2109613	UMLS:C1855340	0
CHEMBL:CHEMBL1201657	UMLS:C0002622	0
pubchem.compound:26987	UMLS:C1335062	0
pubchem.compound:5282452	UMLS:C2673186	0
CHEMBL:CHEMBL2107863	UMLS:C3808940	0
pubchem.compound:124087	UMLS:C0036330	0
pubchem.compound:67479909	UMLS:C0549622	0
pubchem.compound:3494	UMLS:C0206663	0
pubchem.compound:135401907	UMLS:C3150899	0
CHEMBL:CHEMBL1428	UMLS:C1863728	0
pubchem.compound:67330085	UMLS:C0020479	0
pubchem.compound:16004692	UMLS:C0428851	0
pubchem.compound:49800010	UMLS:C1327918	0
pubchem.compound:135413536	UMLS:C0029799	0
pubchem.compound:56959	UMLS:C0027709	0
pubchem.compound:151075	UMLS:C3696898	0
pubchem.compound:5666	UMLS:C0007166	0
pubchem.compound:10236037	UMLS:C0280788	0
pubchem.compound:24872560	UMLS:C0158442	0
pubchem.compound:3446	UMLS:C0266484	0
pubchem.compound:53465279	UMLS:C5554235	0
pubchem.compound:9886917	UMLS:C0009405	0
pubchem.compound:5462328	UMLS:C3151446	0
CHEMBL:CHEMBL3990016	UMLS:C2678484	0
CHEMBL:CHEMBL1743058	UMLS:C5681834	0
pubchem.compound:10236037	UMLS:C5680502	0
CHEMBL:CHEMBL1201828	UMLS:C5681601	0
pubchem.compound:4418	UMLS:C0281361	0
pubchem.compound:5391	UMLS:C1854301	0
CHEMBL:CHEMBL3707325	UMLS:C3489789	0
pubchem.compound:16133812	UMLS:C0029866	0
CHEMBL:CHEMBL502835	UMLS:C0345049	0
CHEMBL:CHEMBL1742992	UMLS:C1136210	0
pubchem.compound:4020	UMLS:C0021841	0
pubchem.compound:25161177	UMLS:C0031046	0
pubchem.compound:444795	UMLS:C0859976	0
pubchem.compound:443967	UMLS:C0162529	0
CHEMBL:CHEMBL4298084	UMLS:C0241868	0
pubchem.compound:11671467	UMLS:C0478085	0
pubchem.compound:2431	UMLS:C0029839	0
pubchem.compound:4212	UMLS:C0948008	0
pubchem.compound:51349053	UMLS:C0001925	0
CHEMBL:CHEMBL1201505	UMLS:C0266126	0
pubchem.compound:53359	UMLS:C0156147	0
pubchem.compound:51763	UMLS:C0432326	0
pubchem.compound:5523	UMLS:C0796154	0
CHEMBL:CHEMBL1743082	UMLS:C1112486	0
pubchem.compound:445643	UMLS:C0699790	0
pubchem.compound:5741	UMLS:C0398794	0
pubchem.compound:16129706	UMLS:C0024624	0
CHEMBL:CHEMBL3544945	UMLS:C0339143	0
pubchem.compound:5994	UMLS:C1858120	0
pubchem.compound:9930049	UMLS:C3276036	0
pubchem.compound:34359	UMLS:C0271577	0
pubchem.compound:4746	UMLS:C0394006	0
pubchem.compound:44564108	UMLS:C4539997	0
pubchem.compound:6018	UMLS:C0268483	0
pubchem.compound:23706212	UMLS:C4693531	0
pubchem.compound:9820008	UMLS:C0678807	0
CHEMBL:CHEMBL1742999	UMLS:C1970028	0
pubchem.compound:91971505	UMLS:C0011436	0
pubchem.compound:6442177	UMLS:C1867971	0
pubchem.compound:5210	UMLS:C1565662	0
pubchem.compound:23663870	UMLS:C4512055	0
pubchem.compound:16722836	UMLS:C0028326	0
pubchem.compound:2720	UMLS:C1856121	0
pubchem.compound:2678	UMLS:C0029792	0
pubchem.compound:60606	UMLS:C0206669	0
pubchem.compound:3151	UMLS:C2676023	0
pubchem.compound:4369359	UMLS:C0220662	0
pubchem.compound:46216796	UMLS:C1847014	0
CHEMBL:CHEMBL4650395	UMLS:C2676498	0
pubchem.compound:49831411	UMLS:C0085110	0
CHEMBL:CHEMBL2109391	UMLS:C0005818	0
pubchem.compound:30323	UMLS:C3151356	0
CHEMBL:CHEMBL4298124	UMLS:C0740279	0
pubchem.compound:5775	UMLS:C2677565	0
pubchem.compound:92045025	UMLS:C4721414	0
pubchem.compound:4147757	UMLS:C3151752	0
pubchem.compound:59774	UMLS:C4551985	0
pubchem.compound:5356	UMLS:C4083008	0
pubchem.compound:62886	UMLS:C5681191	0
pubchem.compound:5353622	UMLS:C0017920	0
pubchem.compound:148123	UMLS:C4225195	0
pubchem.compound:5284583	UMLS:C0027796	0
pubchem.compound:16231	UMLS:C2750414	0
pubchem.compound:135400182	UMLS:C3552303	0
CHEMBL:CHEMBL2109171	UMLS:C0036457	0
pubchem.compound:44623998	UMLS:C0342151	0
pubchem.compound:5328940	UMLS:C0454644	0
pubchem.compound:108000	UMLS:C0003706	0
pubchem.compound:44126305	UMLS:C0029516	0
pubchem.compound:134018	UMLS:C0011570	0
pubchem.compound:24745335	UMLS:C0013264	0
pubchem.compound:11237762	UMLS:C1833236	0
pubchem.compound:16072155	UMLS:C1834750	0
pubchem.compound:16102897	UMLS:C0007570	0
pubchem.compound:121396	UMLS:C3809427	0
pubchem.compound:57469	UMLS:C4749947	0
CHEMBL:CHEMBL136478	UMLS:C0014547	0
pubchem.compound:1254	UMLS:C0270834	0
pubchem.compound:6321225	UMLS:C0018802	0
pubchem.compound:54575456	UMLS:C0003076	0
pubchem.compound:16722836	UMLS:C0027868	0
pubchem.compound:3100	UMLS:C4016265	0
pubchem.compound:124087	UMLS:C1848137	0
pubchem.compound:9827599	UMLS:C0020557	0
pubchem.compound:5282226	UMLS:C0009405	0
pubchem.compound:5991	UMLS:C0348371	0
pubchem.compound:166625218	UMLS:C0023772	0
pubchem.compound:11256664	UMLS:C0236780	0
pubchem.compound:11685945	UMLS:C0027707	0
CHEMBL:CHEMBL2107857	UMLS:C3809781	0
pubchem.compound:5311065	UMLS:C0011633	0
pubchem.compound:46224413	UMLS:C5816750	0
CHEMBL:CHEMBL4298124	UMLS:C0857007	0
CHEMBL:CHEMBL5095303	UMLS:C2931383	0
CHEMBL:CHEMBL1201468	UMLS:C2910117	0
pubchem.compound:16214875	UMLS:C0021051	0
pubchem.compound:23666110	UMLS:C5830299	0
pubchem.compound:4499	UMLS:C0242647	0
pubchem.compound:4369359	UMLS:C0268318	0
pubchem.compound:444025	UMLS:C0752166	0
pubchem.compound:189821	UMLS:C0155015	0
pubchem.compound:145948323	UMLS:C0473527	0
pubchem.compound:9903970	UMLS:C0878676	0
pubchem.compound:3036703	UMLS:C4022990	0
pubchem.compound:153994	UMLS:C3554224	0
pubchem.compound:58438464	UMLS:C4479517	0
pubchem.compound:16662431	UMLS:C0477983	0
pubchem.compound:107969	UMLS:C0032197	0
pubchem.compound:155434	UMLS:C0037315	0
pubchem.compound:134780	UMLS:C0029445	0
pubchem.compound:51634	UMLS:C0221765	0
pubchem.compound:9854012	UMLS:C0004238	0
pubchem.compound:60823	UMLS:C0344688	0
pubchem.compound:2318	UMLS:C3887487	0
pubchem.compound:444795	UMLS:C3837967	0
pubchem.compound:16052011	UMLS:C0393541	0
pubchem.compound:5284627	UMLS:C5700310	0
pubchem.compound:18340	UMLS:C5676978	0
pubchem.compound:5832	UMLS:C0018995	0
pubchem.compound:5834	UMLS:C0027404	0
pubchem.compound:5324346	UMLS:C0019156	0
CHEMBL:CHEMBL121	UMLS:C0477360	0
pubchem.compound:4100	UMLS:C1861884	0
pubchem.compound:146571	UMLS:C0238288	0
pubchem.compound:23667642	UMLS:C1140680	0
pubchem.compound:644241	UMLS:C4273899	0
pubchem.compound:3779	UMLS:C4225348	0
pubchem.compound:5280360	UMLS:C0270458	0
pubchem.compound:135401907	UMLS:C0014170	0
pubchem.compound:517326	UMLS:C0038644	0
pubchem.compound:5816	UMLS:C4275067	0
CHEMBL:CHEMBL1743079	UMLS:C0265780	0
CHEMBL:CHEMBL2109171	UMLS:C3810042	0
pubchem.compound:5039	UMLS:C3553886	0
pubchem.compound:60837	UMLS:C5816691	0
pubchem.compound:9808998	UMLS:C0079301	0
CHEMBL:CHEMBL4297792	UMLS:C0006309	0
pubchem.compound:4369359	UMLS:C2063326	0
pubchem.compound:104769	UMLS:C1839730	0
CHEMBL:CHEMBL2108581	UMLS:C5568766	0
pubchem.compound:135398737	UMLS:C3896578	0
pubchem.compound:62857	UMLS:C0268138	0
pubchem.compound:46908928	UMLS:C5680095	0
pubchem.compound:6420057	UMLS:C0022716	0
pubchem.compound:5593	UMLS:C3279092	0
pubchem.compound:10236037	UMLS:C4014578	0
pubchem.compound:148123	UMLS:C0206062	0
pubchem.compound:123631	UMLS:C1846719	0
pubchem.compound:16102897	UMLS:C3280094	0
CHEMBL:CHEMBL4594331	UMLS:C1959582	0
pubchem.compound:9870652	UMLS:C5830346	0
pubchem.compound:11274333	UMLS:C1384666	0
CHEMBL:CHEMBL1237022	UMLS:C0030193	0
CHEMBL:CHEMBL3989989	UMLS:C0004045	0
pubchem.compound:5386	UMLS:C4512055	0
pubchem.compound:9782	UMLS:C1853444	0
pubchem.compound:5494449	UMLS:C0268483	0
pubchem.compound:23663403	UMLS:C1262477	0
pubchem.compound:68844	UMLS:C2931136	0
pubchem.compound:9832447	UMLS:C0342154	0
CHEMBL:CHEMBL4297828	UMLS:C4228778	0
pubchem.compound:5709	UMLS:C0028326	0
pubchem.compound:444	UMLS:C1832931	0
pubchem.compound:11219835	UMLS:C0027796	0
pubchem.compound:6918537	UMLS:C1334603	0
CHEMBL:CHEMBL4650395	UMLS:C2673700	0
CHEMBL:CHEMBL1201670	UMLS:C0030421	0
pubchem.compound:38853	UMLS:C0035304	0
CHEMBL:CHEMBL1201827	UMLS:C0157916	0
pubchem.compound:5878	UMLS:C0600327	0
pubchem.compound:15951529	UMLS:C0007166	0
pubchem.compound:5282411	UMLS:C1274834	0
pubchem.compound:26987	UMLS:C0038356	0
pubchem.compound:9886917	UMLS:C0155015	0
CHEMBL:CHEMBL2108426	UMLS:C0023896	0
pubchem.compound:23663991	UMLS:C0265747	0
pubchem.compound:10113978	UMLS:C0855740	0
pubchem.compound:11219835	UMLS:C0007282	0
pubchem.compound:26133	UMLS:C0153493	0
pubchem.compound:24780598	UMLS:C0040053	0
CHEMBL:CHEMBL4650275	UMLS:C0206639	0
pubchem.compound:6918289	UMLS:C1858674	0
pubchem.compound:9848990	UMLS:C0017601	0
pubchem.compound:4913	UMLS:C4015436	0
pubchem.compound:60199242	UMLS:C0162530	0
CHEMBL:CHEMBL3707229	UMLS:C0279613	0
pubchem.compound:9864881	UMLS:C1849348	0
pubchem.compound:636403	UMLS:C4540327	0
pubchem.compound:657181	UMLS:C3151303	0
CHEMBL:CHEMBL2109330	UMLS:C0158760	0
pubchem.compound:5282411	UMLS:C0701163	0
pubchem.compound:9800068	UMLS:C4023342	0
pubchem.compound:49831257	UMLS:C0426817	0
pubchem.compound:5311497	UMLS:C1260926	0
CHEMBL:CHEMBL1201649	UMLS:C1856121	0
pubchem.compound:46207586	UMLS:C0406723	0
pubchem.compound:23663870	UMLS:C1869117	0
pubchem.compound:5743	UMLS:C0334401	0
pubchem.compound:5994	UMLS:C0949595	0
pubchem.compound:122662112	UMLS:C1837206	0
pubchem.compound:72165228	UMLS:C4751111	0
pubchem.compound:52938427	UMLS:C0079731	0
pubchem.compound:166625218	UMLS:C0019050	0
pubchem.compound:5327686	UMLS:C0745103	0
CHEMBL:CHEMBL1201576	UMLS:C0024121	0
pubchem.compound:2474	UMLS:C5543406	0
pubchem.compound:4594	UMLS:C4014641	0
pubchem.compound:23663956	UMLS:C0333355	0
pubchem.compound:41693	UMLS:C4277682	0
pubchem.compound:10184665	UMLS:C0162836	0
pubchem.compound:71491931	UMLS:C1955870	0
CHEMBL:CHEMBL1742991	UMLS:C3160814	0
CHEMBL:CHEMBL1743068	UMLS:C5680365	0
pubchem.compound:4195	UMLS:C0687120	0
CHEMBL:CHEMBL2108893	UMLS:C1847501	0
pubchem.compound:90420193	UMLS:C0853193	0
pubchem.compound:68873	UMLS:C1863012	0
pubchem.compound:47576	UMLS:C1335062	0
pubchem.compound:131679	UMLS:C0011854	0
pubchem.compound:657181	UMLS:C1333015	0
pubchem.compound:68210102	UMLS:C4275012	0
pubchem.compound:5354	UMLS:C0029591	0
pubchem.compound:16130957	UMLS:C3151356	0
pubchem.compound:3000322	UMLS:C0043202	0
pubchem.compound:121586	UMLS:C0426870	0
pubchem.compound:9831642	UMLS:C0036330	0
pubchem.compound:2678	UMLS:C4748777	0
pubchem.compound:60853	UMLS:C0015934	0
pubchem.compound:4740	UMLS:C0001125	0
pubchem.compound:63016	UMLS:C5830329	0
CHEMBL:CHEMBL4297789	UMLS:C1833692	0
pubchem.compound:5920	UMLS:C0015923	0
pubchem.compound:443967	UMLS:C5779875	0
pubchem.compound:67171867	UMLS:C3281153	0
pubchem.compound:4890	UMLS:C0426790	0
pubchem.compound:9823820	UMLS:C1858556	0
CHEMBL:CHEMBL4650299	UMLS:C0041955	0
pubchem.compound:3117	UMLS:C0265610	0
pubchem.compound:3168	UMLS:C1837404	0
pubchem.compound:4740	UMLS:C3489728	0
pubchem.compound:24785956	UMLS:C0000768	0
pubchem.compound:5282452	UMLS:C0158451	0
CHEMBL:CHEMBL2108568	UMLS:C0023470	0
pubchem.compound:5401	UMLS:C0023493	0
pubchem.compound:501391	UMLS:C0339541	0
pubchem.compound:26133	UMLS:C0042974	0
pubchem.compound:34312	UMLS:C0427144	0
pubchem.compound:60961	UMLS:C4021727	0
pubchem.compound:9865554	UMLS:C0012736	0
pubchem.compound:6047	UMLS:C4551714	0
CHEMBL:CHEMBL1743081	UMLS:C3495591	0
pubchem.compound:4510	UMLS:C0018790	0
pubchem.compound:23634441	UMLS:C0017601	0
pubchem.compound:11526696	UMLS:C0265202	0
pubchem.compound:6041	UMLS:C4540185	0
pubchem.compound:9811834	UMLS:C0238062	0
pubchem.compound:23674541	UMLS:C0018799	0
pubchem.compound:23652731	UMLS:C0398562	0
pubchem.compound:54679224	UMLS:C0008780	0
CHEMBL:CHEMBL2109321	UMLS:C0342384	0
pubchem.compound:60199242	UMLS:C0012236	0
CHEMBL:CHEMBL3833346	UMLS:C4255043	0
pubchem.compound:4211	UMLS:C0020429	0
pubchem.compound:3034010	UMLS:C5200932	0
pubchem.compound:176871	UMLS:C0003910	0
pubchem.compound:5339	UMLS:C0149630	0
pubchem.compound:9868491	UMLS:C0752166	0
pubchem.compound:11347535	UMLS:C0175702	0
CHEMBL:CHEMBL1201576	UMLS:C2051831	0
pubchem.compound:44480399	UMLS:C1849699	0
pubchem.compound:23652731	UMLS:C0023343	0
pubchem.compound:60490	UMLS:C2677504	0
pubchem.compound:10288191	UMLS:C0037763	0
pubchem.compound:5283731	UMLS:C5679911	0
pubchem.compound:24970412	UMLS:C4477100	0
CHEMBL:CHEMBL4594326	UMLS:C1510586	0
pubchem.compound:4147757	UMLS:C0038273	0
pubchem.compound:54676228	UMLS:C1846648	0
CHEMBL:CHEMBL4297990	UMLS:C0239946	0
pubchem.compound:42890	UMLS:C0011881	0
pubchem.compound:25102846	UMLS:C0023895	0
CHEMBL:CHEMBL1743071	UMLS:C0086132	0
pubchem.compound:155815	UMLS:C5244016	0
pubchem.compound:11552706	UMLS:C1861456	0
pubchem.compound:11750009	UMLS:C4025596	0
CHEMBL:CHEMBL2108955	UMLS:C1868672	0
pubchem.compound:3899	UMLS:C0154088	0
CHEMBL:CHEMBL1201828	UMLS:C1720824	0
pubchem.compound:68844	UMLS:C0006111	0
CHEMBL:CHEMBL2109653	UMLS:C0030804	0
pubchem.compound:68727	UMLS:C2677180	0
pubchem.compound:5826	UMLS:C0221358	0
pubchem.compound:9811353	UMLS:C0010200	0
pubchem.compound:15606394	UMLS:C0026838	0
pubchem.compound:16129706	UMLS:C0039070	0
pubchem.compound:6279	UMLS:C0005612	0
pubchem.compound:5073	UMLS:C5190862	0
pubchem.compound:71353	UMLS:C4012727	0
pubchem.compound:30751	UMLS:C0018524	0
pubchem.compound:6918140	UMLS:C4693531	0
pubchem.compound:23652731	UMLS:C0948008	0
CHEMBL:CHEMBL2109092	UMLS:C0036202	0
pubchem.compound:1349907	UMLS:C1842534	0
pubchem.compound:4906	UMLS:C0477983	0
pubchem.compound:5909	UMLS:C3808494	0
pubchem.compound:3036505	UMLS:C2609414	0
pubchem.compound:5360515	UMLS:C0339143	0
pubchem.compound:44482554	UMLS:C4511672	0
pubchem.compound:71602803	UMLS:C0281267	0
pubchem.compound:68289010	UMLS:C5774315	0
pubchem.compound:11274333	UMLS:C0002888	0
CHEMBL:CHEMBL3707324	UMLS:C5442191	0
pubchem.compound:34359	UMLS:C5829558	0
pubchem.compound:5282451	UMLS:C0003467	0
pubchem.compound:117761397	UMLS:C1867439	0
pubchem.compound:129073603	UMLS:C0559470	0
pubchem.compound:24780598	UMLS:C0344975	0
pubchem.compound:5284569	UMLS:C0005398	0
pubchem.compound:123596	UMLS:C4748081	0
pubchem.compound:11431811	UMLS:C0027643	0
pubchem.compound:5775	UMLS:C4329780	0
pubchem.compound:3958	UMLS:C0034050	0
pubchem.compound:5546	UMLS:C1956131	0
pubchem.compound:4943	UMLS:C5568976	0
pubchem.compound:5388983	UMLS:C0019050	0
CHEMBL:CHEMBL1201577	UMLS:C1842180	0
pubchem.compound:5362376	UMLS:C0268149	0
pubchem.compound:9800068	UMLS:C0266568	0
CHEMBL:CHEMBL4298176	UMLS:C2931132	0
pubchem.compound:31307	UMLS:C0473527	0
pubchem.compound:27661	UMLS:C0153463	0
pubchem.compound:13290219	UMLS:C0010324	0
pubchem.compound:24780598	UMLS:C0750994	0
CHEMBL:CHEMBL414357	UMLS:C0031099	0
pubchem.compound:46224413	UMLS:C4225493	0
pubchem.compound:60854	UMLS:C3495591	0
pubchem.compound:5494449	UMLS:C4225421	0
pubchem.compound:5472	UMLS:C4510367	0
pubchem.compound:16203739	UMLS:C0678807	0
CHEMBL:CHEMBL1201466	UMLS:C3541471	0
CHEMBL:CHEMBL1201439	UMLS:C4021768	0
pubchem.compound:124087	UMLS:C2750067	0
pubchem.compound:92253	UMLS:C3714580	0
CHEMBL:CHEMBL4594730	UMLS:C0007103	0
CHEMBL:CHEMBL2108034	UMLS:C0242596	0
pubchem.compound:636403	UMLS:C0588008	0
CHEMBL:CHEMBL1201834	UMLS:C2746069	0
pubchem.compound:135565678	UMLS:C0078917	0
pubchem.compound:2541	UMLS:C0334121	0
CHEMBL:CHEMBL2109457	UMLS:C0424688	0
pubchem.compound:3331	UMLS:C4012727	0
pubchem.compound:5090	UMLS:C1868672	0
pubchem.compound:115237	UMLS:C0282207	0
pubchem.compound:9903778	UMLS:C1840379	0
CHEMBL:CHEMBL4298089	UMLS:C0339537	0
pubchem.compound:43157	UMLS:C0268119	0
pubchem.compound:118513932	UMLS:C0029513	0
pubchem.compound:54671203	UMLS:C0020437	0
pubchem.compound:6834	UMLS:C0022716	0
pubchem.compound:174174	UMLS:C1852767	0
pubchem.compound:3156	UMLS:C4747891	0
CHEMBL:CHEMBL2108185	UMLS:C4748251	0
CHEMBL:CHEMBL4298079	UMLS:C0025202	0
pubchem.compound:25126798	UMLS:C0086664	0
CHEMBL:CHEMBL1201558	UMLS:C0020877	0
pubchem.compound:2431	UMLS:C0029463	0
pubchem.compound:148197	UMLS:C0002938	0
pubchem.compound:4753	UMLS:C0750935	0
pubchem.compound:118196485	UMLS:C0685889	0
pubchem.compound:4746	UMLS:C2931500	0
CHEMBL:CHEMBL4297580	UMLS:C4225429	0
CHEMBL:CHEMBL2108427	UMLS:C1842180	0
pubchem.compound:71717200	UMLS:C0011581	0
pubchem.compound:110635	UMLS:C0025286	0
pubchem.compound:60560	UMLS:C0086774	0
pubchem.compound:9578572	UMLS:C0085584	0
pubchem.compound:5284441	UMLS:C1335167	0
pubchem.compound:36708	UMLS:C3241937	0
pubchem.compound:3034010	UMLS:C4016412	0
CHEMBL:CHEMBL2108429	UMLS:C0393588	0
pubchem.compound:6883	UMLS:C0030319	0
pubchem.compound:40973	UMLS:C0025312	0
pubchem.compound:6918173	UMLS:C4510367	0
CHEMBL:CHEMBL4297809	UMLS:C0023817	0
pubchem.compound:5826	UMLS:C5203670	0
pubchem.compound:9926791	UMLS:C5543581	0
pubchem.compound:3488	UMLS:C0477360	0
pubchem.compound:5288826	UMLS:C1865869	0
CHEMBL:CHEMBL3989987	UMLS:C2677794	0
pubchem.compound:4411	UMLS:C0086132	0
pubchem.compound:2471	UMLS:C0031900	0
pubchem.compound:24847757	UMLS:C0018784	0
pubchem.compound:11326715	UMLS:C4551495	0
pubchem.compound:13342	UMLS:C0741160	0
pubchem.compound:23706212	UMLS:C0876994	0
CHEMBL:CHEMBL4297788	UMLS:C0036330	0
pubchem.compound:2801	UMLS:C0478019	0
pubchem.compound:23663959	UMLS:C3810405	0
pubchem.compound:16072155	UMLS:C5191058	0
CHEMBL:CHEMBL4297949	UMLS:C0282207	0
pubchem.compound:11001318	UMLS:C0005859	0
pubchem.compound:60853	UMLS:C0948031	0
pubchem.compound:6450551	UMLS:C4015436	0
pubchem.compound:86294127	UMLS:C0020877	0
pubchem.compound:6456015	UMLS:C0751895	0
pubchem.compound:56801	UMLS:C0270612	0
pubchem.compound:60199242	UMLS:C3542024	0
pubchem.compound:2723601	UMLS:C3501848	0
CHEMBL:CHEMBL1237023	UMLS:C0701163	0
pubchem.compound:5656	UMLS:C0006845	0
pubchem.compound:2754	UMLS:C0017531	0
pubchem.compound:3078519	UMLS:C2062367	0
pubchem.compound:4932	UMLS:C5774278	0
pubchem.compound:3033825	UMLS:C2873848	0
pubchem.compound:443967	UMLS:C0035235	0
pubchem.compound:5734	UMLS:C5542154	0
pubchem.compound:2662	UMLS:C1863061	0
pubchem.compound:86764535	UMLS:C1867439	0
pubchem.compound:25181577	UMLS:C4025576	0
pubchem.compound:32170	UMLS:C0011881	0
CHEMBL:CHEMBL4297840	UMLS:C0085584	0
CHEMBL:CHEMBL595	UMLS:C0009324	0
pubchem.compound:9818306	UMLS:C0011882	0
pubchem.compound:5284627	UMLS:C0007166	0
pubchem.compound:181458	UMLS:C1306122	0
pubchem.compound:3033	UMLS:C1843153	0
pubchem.compound:126565	UMLS:C0035309	0
pubchem.compound:16533	UMLS:C1408182	0
pubchem.compound:5493444	UMLS:C4510872	0
pubchem.compound:2540	UMLS:C1837873	0
pubchem.compound:89594	UMLS:C1306122	0
pubchem.compound:216235	UMLS:C5681639	0
CHEMBL:CHEMBL3707357	UMLS:C0022797	0
pubchem.compound:51634	UMLS:C3665386	0
pubchem.compound:9820008	UMLS:C0040034	0
pubchem.compound:47811	UMLS:C0018923	0
pubchem.compound:25161177	UMLS:C0079301	0
pubchem.compound:2723601	UMLS:C0026106	0
pubchem.compound:9279	UMLS:C1857640	0
CHEMBL:CHEMBL1743026	UMLS:C0002020	0
CHEMBL:CHEMBL1201560	UMLS:C0025281	0
CHEMBL:CHEMBL1743026	UMLS:C4539919	0
pubchem.compound:44146842	UMLS:C0038644	0
pubchem.compound:185460	UMLS:C4021806	0
pubchem.compound:60749	UMLS:C1408182	0
pubchem.compound:5281004	UMLS:C1335302	0
pubchem.compound:11591741	UMLS:C0343047	0
pubchem.compound:3117	UMLS:C4273672	0
CHEMBL:CHEMBL1201550	UMLS:C1857025	0
pubchem.compound:24828759	UMLS:C0013423	0
pubchem.compound:23650961	UMLS:C0796204	0
pubchem.compound:146571	UMLS:C5774315	0
pubchem.compound:71657455	UMLS:C0007194	0
CHEMBL:CHEMBL1201649	UMLS:C0556385	0
pubchem.compound:5330286	UMLS:C0039070	0
pubchem.compound:46220502	UMLS:C0037769	0
CHEMBL:CHEMBL2109467	UMLS:C0221043	0
pubchem.compound:56959	UMLS:C0028840	0
pubchem.compound:49800010	UMLS:C0334121	0
pubchem.compound:19371515	UMLS:C1866173	0
pubchem.compound:104741	UMLS:C0234533	0
CHEMBL:CHEMBL1743070	UMLS:C0270912	0
CHEMBL:CHEMBL1201662	UMLS:C0220701	0
pubchem.compound:216237	UMLS:C0265581	0
pubchem.compound:135566083	UMLS:C4083008	0
CHEMBL:CHEMBL2095222	UMLS:C3554398	0
pubchem.compound:36314	UMLS:C4510367	0
pubchem.compound:71602803	UMLS:C0034065	0
pubchem.compound:3114	UMLS:C0472792	0
CHEMBL:CHEMBL1201668	UMLS:C0006845	0
pubchem.compound:82153	UMLS:C0349204	0
pubchem.compound:160355	UMLS:C0477984	0
pubchem.compound:5039	UMLS:C0039685	0
pubchem.compound:9933004	UMLS:C5680452	0
pubchem.compound:6041	UMLS:C3151228	0
pubchem.compound:5906	UMLS:C0746102	0
pubchem.compound:3331	UMLS:C0036330	0
CHEMBL:CHEMBL1981592	UMLS:C2932714	0
pubchem.compound:26987	UMLS:C3146244	0
pubchem.compound:2187	UMLS:C2348199	0
pubchem.compound:25181577	UMLS:C0003076	0
pubchem.compound:26133	UMLS:C0017658	0
pubchem.compound:10133	UMLS:C5681589	0
pubchem.compound:6918092	UMLS:C4021618	0
CHEMBL:CHEMBL3545132	UMLS:C0339573	0
pubchem.compound:24987688	UMLS:C0016522	0
pubchem.compound:5978	UMLS:C1456865	0
pubchem.compound:9854073	UMLS:C2938915	0
pubchem.compound:24965990	UMLS:C0265290	0
CHEMBL:CHEMBL2108568	UMLS:C1838659	0
pubchem.compound:4062	UMLS:C0015672	0
CHEMBL:CHEMBL3707277	UMLS:C5543482	0
pubchem.compound:57469	UMLS:C0151744	0
pubchem.compound:4192	UMLS:C4016055	0
pubchem.compound:23663959	UMLS:C0153460	0
pubchem.compound:156419	UMLS:C0751830	0
pubchem.compound:72202474	UMLS:C4225218	0
pubchem.compound:11338033	UMLS:C0338656	0
CHEMBL:CHEMBL121	UMLS:C0406723	0
pubchem.compound:51263	UMLS:C0752282	0
pubchem.compound:123596	UMLS:C0600427	0
CHEMBL:CHEMBL1201670	UMLS:C0543888	0
pubchem.compound:4062	UMLS:C3151057	0
pubchem.compound:5328940	UMLS:C3280527	0
pubchem.compound:3331	UMLS:C0037773	0
CHEMBL:CHEMBL2107881	UMLS:C0236780	0
CHEMBL:CHEMBL4297830	UMLS:C3694279	0
CHEMBL:CHEMBL2108131	UMLS:C4539997	0
pubchem.compound:91617630	UMLS:C0220697	0
pubchem.compound:5819	UMLS:C3714927	0
pubchem.compound:65999	UMLS:C1836508	0
pubchem.compound:3156	UMLS:C5779628	0
pubchem.compound:11640390	UMLS:C5574948	0
pubchem.compound:135409409	UMLS:C1955870	0
pubchem.compound:517326	UMLS:C0027746	0
pubchem.compound:129073603	UMLS:C2675186	0
pubchem.compound:23634441	UMLS:C1836916	0
pubchem.compound:11431811	UMLS:C1849075	0
CHEMBL:CHEMBL4594357	UMLS:C0343047	0
pubchem.compound:23667619	UMLS:C0265213	0
pubchem.compound:158781	UMLS:C5679828	0
pubchem.compound:445643	UMLS:C0426870	0
pubchem.compound:155434	UMLS:C0000768	0
pubchem.compound:156391	UMLS:C1845407	0
pubchem.compound:3038	UMLS:C4273660	0
pubchem.compound:2724350	UMLS:C5574816	0
pubchem.compound:31401	UMLS:C1832466	0
pubchem.compound:1983	UMLS:C1836727	0
pubchem.compound:91754527	UMLS:C5561966	0
pubchem.compound:5386	UMLS:C0393706	0
pubchem.compound:6918493	UMLS:C0085298	0
CHEMBL:CHEMBL1743007	UMLS:C1853242	0
pubchem.compound:5284441	UMLS:C0008312	0
pubchem.compound:3869	UMLS:C0011603	0
pubchem.compound:2585	UMLS:C0003949	0
pubchem.compound:3036505	UMLS:C1337013	0
pubchem.compound:23725423	UMLS:C0151878	0
pubchem.compound:63009	UMLS:C5391534	0
pubchem.compound:6445540	UMLS:C4553889	0
CHEMBL:CHEMBL1201438	UMLS:C0019209	0
CHEMBL:CHEMBL2109573	UMLS:C5191640	0
pubchem.compound:6420040	UMLS:C4016809	0
pubchem.compound:2540	UMLS:C4707333	0
pubchem.compound:9833407	UMLS:C0154409	0
pubchem.compound:216210	UMLS:C3553298	0
pubchem.compound:39042	UMLS:C0011615	0
pubchem.compound:42611257	UMLS:C3553661	0
pubchem.compound:108000	UMLS:C0010964	0
pubchem.compound:52938427	UMLS:C0342749	0
pubchem.compound:68289010	UMLS:C3554517	0
pubchem.compound:9870520	UMLS:C0039446	0
CHEMBL:CHEMBL2109573	UMLS:C0007786	0
pubchem.compound:3055	UMLS:C1332338	0
pubchem.compound:2118	UMLS:C1849156	0
pubchem.compound:501391	UMLS:C4016717	0
CHEMBL:CHEMBL3545159	UMLS:C0752252	0
pubchem.compound:5574	UMLS:C0001308	0
pubchem.compound:11962412	UMLS:C0023976	0
CHEMBL:CHEMBL2109379	UMLS:C0205713	0
CHEMBL:CHEMBL5315080	UMLS:C0751527	0
pubchem.compound:51349053	UMLS:C1868570	0
pubchem.compound:5311065	UMLS:C4552078	0
pubchem.compound:5388983	UMLS:C0155020	0
pubchem.compound:38853	UMLS:C5680265	0
pubchem.compound:40973	UMLS:C0265338	0
CHEMBL:CHEMBL1201836	UMLS:C0009782	0
pubchem.compound:16203739	UMLS:C0039070	0
pubchem.compound:49800010	UMLS:C0175700	0
pubchem.compound:138713709	UMLS:C5680502	0
CHEMBL:CHEMBL289228	UMLS:C1262477	0
pubchem.compound:23725423	UMLS:C0741796	0
pubchem.compound:23480	UMLS:C5444223	0
CHEMBL:CHEMBL2109103	UMLS:C0015967	0
pubchem.compound:5312125	UMLS:C1865926	0
pubchem.compound:5365247	UMLS:C0010035	0
pubchem.compound:90420193	UMLS:C4748715	0
CHEMBL:CHEMBL4297711	UMLS:C1847319	0
CHEMBL:CHEMBL2108570	UMLS:C0206711	0
pubchem.compound:90661668	UMLS:C3554593	0
CHEMBL:CHEMBL3545159	UMLS:C5774279	0
pubchem.compound:135565884	UMLS:C4551968	0
CHEMBL:CHEMBL4297778	UMLS:C1834750	0
pubchem.compound:4201	UMLS:C0009806	0
pubchem.compound:2369	UMLS:C0003119	0
CHEMBL:CHEMBL1201567	UMLS:C4551649	0
pubchem.compound:9854012	UMLS:C0013338	0
pubchem.compound:86705695	UMLS:C2750509	0
pubchem.compound:44564108	UMLS:C4021762	0
CHEMBL:CHEMBL1237023	UMLS:C0007099	0
CHEMBL:CHEMBL2364652	UMLS:C1848137	0
CHEMBL:CHEMBL4297830	UMLS:C0009376	0
pubchem.compound:5328940	UMLS:C0876994	0
pubchem.compound:446220	UMLS:C0018790	0
pubchem.compound:5284627	UMLS:C0162834	0
pubchem.compound:2092	UMLS:C0087086	0
pubchem.compound:129073603	UMLS:C0040592	0
pubchem.compound:1349907	UMLS:C1842060	0
pubchem.compound:4474	UMLS:C0403397	0
CHEMBL:CHEMBL2108730	UMLS:C0001768	0
pubchem.compound:124081865	UMLS:C0041834	0
pubchem.compound:26758	UMLS:C0752109	0
pubchem.compound:5359	UMLS:C1851936	0
pubchem.compound:63009	UMLS:C0001175	0
pubchem.compound:5090	UMLS:C4748152	0
pubchem.compound:3100	UMLS:C0751039	0
CHEMBL:CHEMBL4297744	UMLS:C0034050	0
pubchem.compound:46189893	UMLS:C4693831	0
pubchem.compound:5329102	UMLS:C5830244	0
pubchem.compound:126941	UMLS:C4021790	0
CHEMBL:CHEMBL2109636	UMLS:C0086664	0
pubchem.compound:125017	UMLS:C0868847	0
pubchem.compound:16662431	UMLS:C4757950	0
pubchem.compound:71301	UMLS:C1835826	0
CHEMBL:CHEMBL1201513	UMLS:C4015729	0
pubchem.compound:3002977	UMLS:C0270850	0
pubchem.compound:134018	UMLS:C1838979	0
pubchem.compound:10096344	UMLS:C0393598	0
pubchem.compound:54677470	UMLS:C2063326	0
pubchem.compound:71301	UMLS:C4510872	0
pubchem.compound:5359	UMLS:C4539919	0
pubchem.compound:449193	UMLS:C0027889	0
pubchem.compound:5284512	UMLS:C0007134	0
CHEMBL:CHEMBL1201831	UMLS:C5436695	0
pubchem.compound:4037	UMLS:C0268414	0
pubchem.compound:6215	UMLS:C0268119	0
pubchem.compound:4927	UMLS:C0279680	0
pubchem.compound:54575456	UMLS:C0178324	0
CHEMBL:CHEMBL2107884	UMLS:C1847014	0
CHEMBL:CHEMBL1201420	UMLS:C0024624	0
pubchem.compound:9853053	UMLS:C0009421	0
pubchem.compound:62886	UMLS:C0009460	0
pubchem.compound:9651	UMLS:C4025901	0
CHEMBL:CHEMBL2109092	UMLS:C0041948	0
CHEMBL:CHEMBL4297840	UMLS:C2677180	0
pubchem.compound:2118	UMLS:C0020542	0
pubchem.compound:1549000	UMLS:C0432326	0
pubchem.compound:2092	UMLS:C2348199	0
CHEMBL:CHEMBL4650476	UMLS:C0018824	0
pubchem.compound:23725423	UMLS:C1510502	0
pubchem.compound:146570	UMLS:C0017152	0
pubchem.compound:67171867	UMLS:C0029771	0
pubchem.compound:10343454	UMLS:C0042164	0
pubchem.compound:261004	UMLS:C3489627	0
pubchem.compound:11625818	UMLS:C0270855	0
pubchem.compound:2733525	UMLS:C0206157	0
pubchem.compound:5426	UMLS:C1561643	0
pubchem.compound:2474	UMLS:C3806583	0
pubchem.compound:11347535	UMLS:C5193097	0
pubchem.compound:444020	UMLS:C1862511	0
pubchem.compound:6918493	UMLS:C5816691	0
pubchem.compound:71621331	UMLS:C0477317	0
pubchem.compound:72941992	UMLS:C1861689	0
pubchem.compound:16051941	UMLS:C0158731	0
pubchem.compound:135565166	UMLS:C0013581	0
pubchem.compound:2662	UMLS:C0266544	0
pubchem.compound:5991	UMLS:C0268616	0
pubchem.compound:78131177	UMLS:C0019054	0
pubchem.compound:18340	UMLS:C3553886	0
CHEMBL:CHEMBL3301587	UMLS:C0751529	0
pubchem.compound:2369	UMLS:C4014648	0
pubchem.compound:9913767	UMLS:C5574816	0
CHEMBL:CHEMBL4650299	UMLS:C1862841	0
pubchem.compound:24965990	UMLS:C1842534	0
pubchem.compound:5039	UMLS:C2673535	0
pubchem.compound:4158	UMLS:C1834153	0
CHEMBL:CHEMBL4297722	UMLS:C0007758	0
pubchem.compound:9651	UMLS:C1864839	0
CHEMBL:CHEMBL121	UMLS:C1304242	0
pubchem.compound:2800	UMLS:C4284414	0
CHEMBL:CHEMBL4298037	UMLS:C5676978	0
pubchem.compound:6451149	UMLS:C1833683	0
CHEMBL:CHEMBL2108334	UMLS:C3808920	0
pubchem.compound:26133	UMLS:C1136210	0
pubchem.compound:17513	UMLS:C0406723	0
pubchem.compound:2369	UMLS:C4540040	0
pubchem.compound:4037	UMLS:C0948008	0
CHEMBL:CHEMBL4297789	UMLS:C4551488	0
pubchem.compound:10158453	UMLS:C0029171	0
pubchem.compound:2159	UMLS:C0020538	0
pubchem.compound:4616	UMLS:C0025294	0
CHEMBL:CHEMBL4298055	UMLS:C0026838	0
pubchem.compound:9911830	UMLS:C0035353	0
pubchem.compound:4999	UMLS:C0424605	0
pubchem.compound:2678	UMLS:C0085602	0
pubchem.compound:6450551	UMLS:C0278883	0
pubchem.compound:13109	UMLS:C0030246	0
CHEMBL:CHEMBL1201581	UMLS:C5562018	0
pubchem.compound:11154555	UMLS:C0398562	0
pubchem.compound:16214875	UMLS:C0025517	0
pubchem.compound:178024	UMLS:C3280120	0
pubchem.compound:171359947	UMLS:C0005818	0
pubchem.compound:107969	UMLS:C1832662	0
pubchem.compound:2088	UMLS:C0027661	0
pubchem.compound:9804938	UMLS:C1839546	0
pubchem.compound:9903778	UMLS:C5677001	0
pubchem.compound:25102847	UMLS:C4225331	0
pubchem.compound:12947	UMLS:C0020678	0
CHEMBL:CHEMBL1201572	UMLS:C0040128	0
pubchem.compound:5832	UMLS:C1853242	0
pubchem.compound:5284596	UMLS:C3658267	0
pubchem.compound:134156377	UMLS:C0032768	0
pubchem.compound:124081865	UMLS:C3554224	0
CHEMBL:CHEMBL4298055	UMLS:C0023896	0
CHEMBL:CHEMBL3707324	UMLS:C0265210	0
CHEMBL:CHEMBL1201649	UMLS:C3489789	0
pubchem.compound:54676537	UMLS:C1844820	0
pubchem.compound:11125	UMLS:C0023827	0
pubchem.compound:23706212	UMLS:C3151187	0
pubchem.compound:11525740	UMLS:C1857025	0
pubchem.compound:9279	UMLS:C0040822	0
pubchem.compound:5359	UMLS:C3808377	0
CHEMBL:CHEMBL2109379	UMLS:C4021808	0
pubchem.compound:9864881	UMLS:C5679692	0
pubchem.compound:445643	UMLS:C2673630	0
pubchem.compound:27661	UMLS:C5436712	0
pubchem.compound:16214875	UMLS:C2931662	0
pubchem.compound:2724385	UMLS:C0751157	0
pubchem.compound:26758	UMLS:C0037769	0
pubchem.compound:5327686	UMLS:C5830299	0
CHEMBL:CHEMBL2108404	UMLS:C5679682	0
pubchem.compound:4932	UMLS:C1861923	0
pubchem.compound:3005573	UMLS:C1868679	0
CHEMBL:CHEMBL2108131	UMLS:C4693899	0
pubchem.compound:47576	UMLS:C3887876	0
pubchem.compound:10184653	UMLS:C1832931	0
pubchem.compound:92337	UMLS:C5190706	0
pubchem.compound:9880	UMLS:C5680182	0
pubchem.compound:54687	UMLS:C0034069	0
pubchem.compound:53465279	UMLS:C0009319	0
pubchem.compound:71602803	UMLS:C2750027	0
pubchem.compound:90661668	UMLS:C3541471	0
pubchem.compound:6918837	UMLS:C4748766	0
pubchem.compound:208908	UMLS:C0242596	0
pubchem.compound:23666110	UMLS:C3554517	0
pubchem.compound:71544786	UMLS:C3711368	0
pubchem.compound:4449	UMLS:C1835854	0
pubchem.compound:46188928	UMLS:C5190706	0
pubchem.compound:1548943	UMLS:C0796182	0
pubchem.compound:60947	UMLS:C4016042	0
pubchem.compound:20112022	UMLS:C4275179	0
pubchem.compound:6321225	UMLS:C1136209	0
CHEMBL:CHEMBL2107863	UMLS:C0342384	0
pubchem.compound:25025298	UMLS:C4025739	0
pubchem.compound:11749858	UMLS:C0338831	0
CHEMBL:CHEMBL2107884	UMLS:C0017551	0
pubchem.compound:62857	UMLS:C5231424	0
CHEMBL:CHEMBL1201572	UMLS:C1836727	0
pubchem.compound:62857	UMLS:C0349217	0
pubchem.compound:62969	UMLS:C5686324	0
pubchem.compound:644241	UMLS:C0235032	0
pubchem.compound:135413523	UMLS:C0033141	0
pubchem.compound:9568614	UMLS:C0013336	0
CHEMBL:CHEMBL1201421	UMLS:C1168401	0
pubchem.compound:59768	UMLS:C5436799	0
pubchem.compound:67330085	UMLS:C0149871	0
pubchem.compound:5365247	UMLS:C5680348	0
pubchem.compound:3878	UMLS:C0268125	0
CHEMBL:CHEMBL4297711	UMLS:C0004936	0
pubchem.compound:5281056	UMLS:C1837397	0
pubchem.compound:24785956	UMLS:C1843920	0
pubchem.compound:6215	UMLS:C2675659	0
pubchem.compound:10672195	UMLS:C1836447	0
pubchem.compound:3339	UMLS:C0004030	0
pubchem.compound:86294073	UMLS:C1866029	0
pubchem.compound:5281070	UMLS:C0206160	0
pubchem.compound:5280793	UMLS:C0039538	0
CHEMBL:CHEMBL832	UMLS:C0003126	0
pubchem.compound:441074	UMLS:C0004030	0
pubchem.compound:4195	UMLS:C1865304	0
pubchem.compound:11534420	UMLS:C0035328	0
pubchem.compound:60838	UMLS:C0399376	0
CHEMBL:CHEMBL4297551	UMLS:C4024853	0
pubchem.compound:70687254	UMLS:C2678476	0
CHEMBL:CHEMBL4297711	UMLS:C0014868	0
pubchem.compound:5419	UMLS:C0001306	0
pubchem.compound:62978	UMLS:C1843355	0
pubchem.compound:5361	UMLS:C1968729	0
pubchem.compound:13810	UMLS:C0149925	0
CHEMBL:CHEMBL4594492	UMLS:C0013374	0
CHEMBL:CHEMBL2108350	UMLS:C0342154	0
pubchem.compound:9870520	UMLS:C0079731	0
CHEMBL:CHEMBL4297549	UMLS:C1321551	0
pubchem.compound:8514	UMLS:C0003949	0
pubchem.compound:5734	UMLS:C0342881	0
CHEMBL:CHEMBL2095222	UMLS:C0752252	0
CHEMBL:CHEMBL832	UMLS:C3489789	0
pubchem.compound:68617	UMLS:C0014457	0
CHEMBL:CHEMBL1201828	UMLS:C0012736	0
CHEMBL:CHEMBL4297852	UMLS:C0010072	0
pubchem.compound:439260	UMLS:C0030567	0
pubchem.compound:444025	UMLS:C0018995	0
pubchem.compound:5280795	UMLS:C0036069	0
pubchem.compound:23680530	UMLS:C0344925	0
pubchem.compound:60496	UMLS:C2746069	0
CHEMBL:CHEMBL4297990	UMLS:C2348199	0
pubchem.compound:11001318	UMLS:C2751088	0
CHEMBL:CHEMBL3301582	UMLS:C0086774	0
CHEMBL:CHEMBL4297551	UMLS:C0268059	0
pubchem.compound:5361	UMLS:C0037763	0
pubchem.compound:16004692	UMLS:C1852372	0
pubchem.compound:3333	UMLS:C5680182	0
CHEMBL:CHEMBL4650395	UMLS:C3149117	0
CHEMBL:CHEMBL2109065	UMLS:C1854310	0
pubchem.compound:30751	UMLS:C3809250	0
pubchem.compound:134821691	UMLS:C0018798	0
pubchem.compound:4906	UMLS:C5676978	0
pubchem.compound:5556	UMLS:C2873848	0
pubchem.compound:54684461	UMLS:C0162835	0
CHEMBL:CHEMBL3544945	UMLS:C0349204	0
pubchem.compound:249332	UMLS:C1969053	0
pubchem.compound:5282381	UMLS:C2200127	0
pubchem.compound:135398744	UMLS:C1850318	0
pubchem.compound:91430	UMLS:C0795950	0
pubchem.compound:3038525	UMLS:C0749420	0
pubchem.compound:5833	UMLS:C0220633	0
pubchem.compound:5909	UMLS:C0410422	0
pubchem.compound:28620	UMLS:C0860204	0
pubchem.compound:134821691	UMLS:C0020217	0
pubchem.compound:24745335	UMLS:C1721006	0
pubchem.compound:3168	UMLS:C3809427	0
CHEMBL:CHEMBL3707277	UMLS:C5679932	0
pubchem.compound:115237	UMLS:C0271183	0
pubchem.compound:3440	UMLS:C4014291	0
pubchem.compound:4594	UMLS:C0008925	0
CHEMBL:CHEMBL2109072	UMLS:C0311468	0
pubchem.compound:564	UMLS:C5548200	0
pubchem.compound:9804938	UMLS:C0740392	0
pubchem.compound:129211	UMLS:C2063326	0
pubchem.compound:644077	UMLS:C1519086	0
pubchem.compound:3779	UMLS:C0432195	0
pubchem.compound:24749700	UMLS:C0153416	0
pubchem.compound:2170	UMLS:C0010308	0
pubchem.compound:16129706	UMLS:C4693531	0
pubchem.compound:667550	UMLS:C0002965	0
pubchem.compound:441358	UMLS:C0149782	0
CHEMBL:CHEMBL1237022	UMLS:C0409495	0
CHEMBL:CHEMBL1743073	UMLS:C0279613	0
pubchem.compound:3038525	UMLS:C0268393	0
pubchem.compound:59227	UMLS:C0206644	0
pubchem.compound:9936746	UMLS:C0029227	0
pubchem.compound:23663996	UMLS:C0085628	0
CHEMBL:CHEMBL4298086	UMLS:C5394226	0
pubchem.compound:24872560	UMLS:C1970180	0
pubchem.compound:30928	UMLS:C0206624	0
CHEMBL:CHEMBL136478	UMLS:C4015729	0
pubchem.compound:216326	UMLS:C3552634	0
pubchem.compound:9578572	UMLS:C0280803	0
pubchem.compound:9854073	UMLS:C0018944	0
pubchem.compound:9936746	UMLS:C0085762	0
pubchem.compound:10161381	UMLS:C0158733	0
pubchem.compound:3108	UMLS:C0020255	0
pubchem.compound:65015	UMLS:C0005586	0
pubchem.compound:92974	UMLS:C3887876	0
pubchem.compound:46184405	UMLS:C0476403	0
pubchem.compound:60490	UMLS:C0162309	0
pubchem.compound:92253	UMLS:C0398562	0
pubchem.compound:5486971	UMLS:C0752323	0
pubchem.compound:24958200	UMLS:C5231404	0
pubchem.compound:44205240	UMLS:C3806153	0
pubchem.compound:9875401	UMLS:C0027658	0
pubchem.compound:30668	UMLS:C0009404	0
CHEMBL:CHEMBL3545168	UMLS:C5779628	0
CHEMBL:CHEMBL4650395	UMLS:C1719382	0
pubchem.compound:11552706	UMLS:C3714618	0
CHEMBL:CHEMBL2108570	UMLS:C1408174	0
pubchem.compound:23897	UMLS:C0151744	0
CHEMBL:CHEMBL2108570	UMLS:C0003864	0
pubchem.compound:135565166	UMLS:C4551495	0
pubchem.compound:23706212	UMLS:C5681191	0
pubchem.compound:71184	UMLS:C0344523	0
pubchem.compound:16204922	UMLS:C0022876	0
pubchem.compound:5978	UMLS:C0012236	0
CHEMBL:CHEMBL1742996	UMLS:C1140680	0
pubchem.compound:452548	UMLS:C0031090	0
CHEMBL:CHEMBL1428	UMLS:C0206682	0
pubchem.compound:3784	UMLS:C0018801	0
CHEMBL:CHEMBL5095052	UMLS:C0079683	0
pubchem.compound:60198	UMLS:C0028878	0
pubchem.compound:4991	UMLS:C0001080	0
pubchem.compound:10224267	UMLS:C0751651	0
pubchem.compound:443967	UMLS:C0344432	0
pubchem.compound:5281884	UMLS:C3151057	0
pubchem.compound:6445540	UMLS:C1867904	0
CHEMBL:CHEMBL3545386	UMLS:C0027947	0
pubchem.compound:68844	UMLS:C0006309	0
pubchem.compound:45380979	UMLS:C5548200	0
pubchem.compound:441207	UMLS:C5561963	0
pubchem.compound:45380979	UMLS:C4551485	0
pubchem.compound:68740	UMLS:C2673630	0
pubchem.compound:65264	UMLS:C1956349	0
pubchem.compound:16222096	UMLS:C0008780	0
CHEMBL:CHEMBL1789844	UMLS:C0751688	0
CHEMBL:CHEMBL3707326	UMLS:C0268616	0
pubchem.compound:13109	UMLS:C3280489	0
pubchem.compound:59634741	UMLS:C0878544	0
pubchem.compound:5735	UMLS:C5680508	0
pubchem.compound:3478	UMLS:C4310691	0
pubchem.compound:16722836	UMLS:C2750720	0
CHEMBL:CHEMBL1201825	UMLS:C1456784	0
pubchem.compound:65866	UMLS:C0265313	0
pubchem.compound:3052762	UMLS:C0004936	0
pubchem.compound:392622	UMLS:C0018798	0
pubchem.compound:91809208	UMLS:C0085298	0
pubchem.compound:9854073	UMLS:C0270612	0
pubchem.compound:10672195	UMLS:C0040433	0
pubchem.compound:9433	UMLS:C0002871	0
pubchem.compound:5311497	UMLS:C0021361	0
pubchem.compound:5574	UMLS:C4225303	0
CHEMBL:CHEMBL1201565	UMLS:C0270914	0
pubchem.compound:5732	UMLS:C0006111	0
pubchem.compound:5283731	UMLS:C0019050	0
pubchem.compound:54678486	UMLS:C0752351	0
pubchem.compound:71600085	UMLS:C0268312	0
CHEMBL:CHEMBL2109204	UMLS:C1862511	0
CHEMBL:CHEMBL1743085	UMLS:C0270912	0
pubchem.compound:5656	UMLS:C4479517	0
pubchem.compound:31307	UMLS:C0243050	0
pubchem.compound:3672	UMLS:C0162529	0
pubchem.compound:47576	UMLS:C0342473	0
pubchem.compound:6445540	UMLS:C1275808	0
pubchem.compound:50992434	UMLS:C0751039	0
CHEMBL:CHEMBL1742991	UMLS:C0020523	0
pubchem.compound:60834	UMLS:C4540358	0
pubchem.compound:122197536	UMLS:C0021655	0
pubchem.compound:16158208	UMLS:C0023269	0
pubchem.compound:9823820	UMLS:C3150956	0
pubchem.compound:9952916	UMLS:C0004045	0
pubchem.compound:31703	UMLS:C0035372	0
pubchem.compound:10158453	UMLS:C5548200	0
pubchem.compound:62978	UMLS:C0278883	0
pubchem.compound:14675	UMLS:C1136209	0
pubchem.compound:11749858	UMLS:C0543859	0
pubchem.compound:2405	UMLS:C0035126	0
CHEMBL:CHEMBL4594511	UMLS:C0345958	0
CHEMBL:CHEMBL1201575	UMLS:C1862939	0
pubchem.compound:53241147	UMLS:C5562039	0
pubchem.compound:3902	UMLS:C0220993	0
pubchem.compound:11685945	UMLS:C0018944	0
CHEMBL:CHEMBL2108611	UMLS:C3151057	0
CHEMBL:CHEMBL2109616	UMLS:C0342749	0
pubchem.compound:25151504	UMLS:C0243050	0
pubchem.compound:58438464	UMLS:C0085762	0
pubchem.compound:122197536	UMLS:C2183058	0
pubchem.compound:667550	UMLS:C2677794	0
CHEMBL:CHEMBL3707227	UMLS:C0014055	0
pubchem.compound:6918537	UMLS:C4707308	0
pubchem.compound:657309	UMLS:C1837249	0
pubchem.compound:59227	UMLS:C3495427	0
pubchem.compound:24749700	UMLS:C0006261	0
pubchem.compound:5745	UMLS:C1879362	0
pubchem.compound:90467234	UMLS:C0410528	0
pubchem.compound:3354	UMLS:C0271577	0
CHEMBL:CHEMBL4297778	UMLS:C0575081	0
pubchem.compound:115237	UMLS:C0002940	0
pubchem.compound:5284373	UMLS:C1456784	0
CHEMBL:CHEMBL1201593	UMLS:C0236663	0
pubchem.compound:6323266	UMLS:C0149782	0
CHEMBL:CHEMBL1201575	UMLS:C3281201	0
pubchem.compound:71186236	UMLS:C0001733	0
pubchem.compound:3278	UMLS:C2931135	0
pubchem.compound:60837	UMLS:C0344523	0
pubchem.compound:11399764	UMLS:C0340279	0
CHEMBL:CHEMBL3989987	UMLS:C1857574	0
pubchem.compound:3559	UMLS:C0030421	0
pubchem.compound:3005573	UMLS:C1845292	0
pubchem.compound:44623998	UMLS:C1868111	0
pubchem.compound:3410	UMLS:C0009404	0
pubchem.compound:5311	UMLS:C5681165	0
pubchem.compound:1986	UMLS:C2677770	0
pubchem.compound:3345	UMLS:C0032226	0
CHEMBL:CHEMBL1201821	UMLS:C1623209	0
pubchem.compound:3520	UMLS:C4012727	0
pubchem.compound:1254	UMLS:C3887851	0
pubchem.compound:564	UMLS:C3150412	0
pubchem.compound:4912	UMLS:C5436685	0
pubchem.compound:135409409	UMLS:C1863061	0
pubchem.compound:564	UMLS:C0751157	0
CHEMBL:CHEMBL2108147	UMLS:C5399977	0
CHEMBL:CHEMBL4297949	UMLS:C3151037	0
CHEMBL:CHEMBL4297756	UMLS:C0013502	0
pubchem.compound:3827	UMLS:C2931132	0
pubchem.compound:60823	UMLS:C4721414	0
pubchem.compound:148197	UMLS:C0685889	0
pubchem.compound:4418	UMLS:C0158118	0
pubchem.compound:54892	UMLS:C4551509	0
CHEMBL:CHEMBL1789844	UMLS:C0028797	0
pubchem.compound:2811	UMLS:C3887851	0
CHEMBL:CHEMBL2108278	UMLS:C0154830	0
pubchem.compound:7029	UMLS:C0034372	0
CHEMBL:CHEMBL4297580	UMLS:C0751958	0
pubchem.compound:9920716	UMLS:C3553886	0
pubchem.compound:49867930	UMLS:C3151057	0
pubchem.compound:118355809	UMLS:C1843920	0
pubchem.compound:50922675	UMLS:C1867439	0
CHEMBL:CHEMBL2108481	UMLS:C0079772	0
pubchem.compound:4037	UMLS:C0206682	0
pubchem.compound:90420193	UMLS:C4273899	0
CHEMBL:CHEMBL4594505	UMLS:C0860204	0
pubchem.compound:54684461	UMLS:C0036341	0
pubchem.compound:6451149	UMLS:C0013369	0
pubchem.compound:11749858	UMLS:C0007785	0
pubchem.compound:9581	UMLS:C0423109	0
pubchem.compound:60490	UMLS:C4016717	0
pubchem.compound:3827	UMLS:C0022716	0
pubchem.compound:9804938	UMLS:C1861355	0
pubchem.compound:26133	UMLS:C0036337	0
pubchem.compound:39912	UMLS:C0011570	0
CHEMBL:CHEMBL2109391	UMLS:C0334389	0
pubchem.compound:92337	UMLS:C0078917	0
pubchem.compound:216239	UMLS:C1854128	0
pubchem.compound:53359	UMLS:C5680513	0
pubchem.compound:3883	UMLS:C4479431	0
pubchem.compound:11525740	UMLS:C0206669	0
pubchem.compound:5284472	UMLS:C0855631	0
pubchem.compound:21700	UMLS:C0027070	0
pubchem.compound:4912	UMLS:C0018378	0
pubchem.compound:189821	UMLS:C0496775	0
pubchem.compound:387447	UMLS:C4016325	0
pubchem.compound:3902	UMLS:C0600427	0
pubchem.compound:4679	UMLS:C5191058	0
CHEMBL:CHEMBL4297700	UMLS:C0018944	0
pubchem.compound:47811	UMLS:C4021159	0
pubchem.compound:2732	UMLS:C1704417	0
pubchem.compound:92786	UMLS:C1857777	0
pubchem.compound:8730	UMLS:C0157946	0
pubchem.compound:50225	UMLS:C0085084	0
pubchem.compound:359	UMLS:C0156257	0
pubchem.compound:54670351	UMLS:C0038525	0
pubchem.compound:104741	UMLS:C0271577	0
CHEMBL:CHEMBL1201439	UMLS:C4704767	0
CHEMBL:CHEMBL1201605	UMLS:C2931662	0
pubchem.compound:5330286	UMLS:C0555198	0
pubchem.compound:31703	UMLS:C0376634	0
pubchem.compound:9848990	UMLS:C1861099	0
pubchem.compound:3478	UMLS:C0553604	0
pubchem.compound:667550	UMLS:C0175702	0
pubchem.compound:24965990	UMLS:C3279699	0
pubchem.compound:5311497	UMLS:C0153567	0
pubchem.compound:4436	UMLS:C1862389	0
CHEMBL:CHEMBL3989987	UMLS:C1332965	0
pubchem.compound:146571	UMLS:C0525045	0
pubchem.compound:387447	UMLS:C1852767	0
pubchem.compound:117761397	UMLS:C2673700	0
pubchem.compound:54678486	UMLS:C0027626	0
pubchem.compound:3696	UMLS:C0026764	0
pubchem.compound:2160	UMLS:C0428977	0
CHEMBL:CHEMBL4650469	UMLS:C5681803	0
CHEMBL:CHEMBL4594338	UMLS:C0029410	0
pubchem.compound:3394	UMLS:C2931135	0
pubchem.compound:11949646	UMLS:C1866558	0
pubchem.compound:90409366	UMLS:C5543257	0
CHEMBL:CHEMBL4297877	UMLS:C4310757	0
pubchem.compound:9867812	UMLS:C1848702	0
pubchem.compound:2435	UMLS:C0033805	0
CHEMBL:CHEMBL3544945	UMLS:C3495498	0
pubchem.compound:28620	UMLS:C4510897	0
CHEMBL:CHEMBL1743019	UMLS:C5680250	0
CHEMBL:CHEMBL1201670	UMLS:C3532934	0
pubchem.compound:49806720	UMLS:C0009782	0
pubchem.compound:131634231	UMLS:C0025312	0
pubchem.compound:92253	UMLS:C0268616	0
pubchem.compound:71496458	UMLS:C0037116	0
pubchem.compound:644077	UMLS:C4049004	0
pubchem.compound:5282181	UMLS:C4022699	0
pubchem.compound:1983	UMLS:C0270612	0
pubchem.compound:4456	UMLS:C0036439	0
CHEMBL:CHEMBL4297832	UMLS:C0266464	0
CHEMBL:CHEMBL1201692	UMLS:C0024232	0
CHEMBL:CHEMBL2108570	UMLS:C1846529	0
pubchem.compound:15951529	UMLS:C0451641	0
pubchem.compound:969472	UMLS:C4551985	0
pubchem.compound:23666110	UMLS:C0005683	0
pubchem.compound:63002	UMLS:C2931004	0
pubchem.compound:636380	UMLS:C0221358	0
pubchem.compound:46184405	UMLS:C2673866	0
pubchem.compound:2519	UMLS:C0025958	0
pubchem.compound:54767229	UMLS:C0752166	0
pubchem.compound:12555	UMLS:C1835826	0
pubchem.compound:5324346	UMLS:C0559470	0
pubchem.compound:36708	UMLS:C0349588	0
pubchem.compound:6918305	UMLS:C0027543	0
CHEMBL:CHEMBL2108359	UMLS:C4016256	0
pubchem.compound:31100	UMLS:C0271623	0
pubchem.compound:9870520	UMLS:C0266464	0
pubchem.compound:6451149	UMLS:C0234629	0
pubchem.compound:5090	UMLS:C0745048	0
CHEMBL:CHEMBL1201439	UMLS:C1262477	0
pubchem.compound:135413536	UMLS:C4747984	0
CHEMBL:CHEMBL1743019	UMLS:C0037116	0
pubchem.compound:30928	UMLS:C0342257	0
pubchem.compound:6741	UMLS:C1306122	0
pubchem.compound:32170	UMLS:C0023269	0
pubchem.compound:5362124	UMLS:C0038506	0
pubchem.compound:60953	UMLS:C0752105	0
CHEMBL:CHEMBL4297536	UMLS:C5567608	0
pubchem.compound:91809208	UMLS:C0751039	0
pubchem.compound:124181541	UMLS:C1846707	0
pubchem.compound:121586	UMLS:C5774300	0
pubchem.compound:11243969	UMLS:C0013581	0
pubchem.compound:124181541	UMLS:C3463824	0
pubchem.compound:439302	UMLS:C3888631	0
pubchem.compound:9931954	UMLS:C0027070	0
pubchem.compound:5095	UMLS:C4479431	0
pubchem.compound:16351	UMLS:C0004245	0
pubchem.compound:2405	UMLS:C1846837	0
CHEMBL:CHEMBL1743048	UMLS:C0019163	0
CHEMBL:CHEMBL1201716	UMLS:C5551003	0
pubchem.compound:121586	UMLS:C0596263	0
pubchem.compound:67330085	UMLS:C0271623	0
pubchem.compound:91667513	UMLS:C0030193	0
pubchem.compound:68210102	UMLS:C1842462	0
pubchem.compound:5282138	UMLS:C0086132	0
CHEMBL:CHEMBL2108345	UMLS:C1865926	0
pubchem.compound:5288826	UMLS:C1854260	0
pubchem.compound:2754	UMLS:C0855740	0
CHEMBL:CHEMBL2108078	UMLS:C2751764	0
pubchem.compound:5280795	UMLS:C0085159	0
pubchem.compound:38853	UMLS:C4225217	0
pubchem.compound:11430856	UMLS:C0023449	0
pubchem.compound:62978	UMLS:C0339985	0
pubchem.compound:181458	UMLS:C5779628	0
pubchem.compound:15981397	UMLS:C4551332	0
CHEMBL:CHEMBL1789844	UMLS:C0271577	0
CHEMBL:CHEMBL2108568	UMLS:C1863052	0
pubchem.compound:68844	UMLS:C0009952	0
pubchem.compound:3549980	UMLS:C0004134	0
CHEMBL:CHEMBL1743007	UMLS:C3838076	0
pubchem.compound:16072155	UMLS:C0018944	0
pubchem.compound:657309	UMLS:C4551675	0
pubchem.compound:68727	UMLS:C0087086	0
CHEMBL:CHEMBL1428	UMLS:C3150417	0
pubchem.compound:30323	UMLS:C2910340	0
pubchem.compound:1775	UMLS:C4015513	0
pubchem.compound:65866	UMLS:C1850049	0
pubchem.compound:5029	UMLS:C0242647	0
pubchem.compound:3519	UMLS:C3552303	0
pubchem.compound:9831642	UMLS:C0687120	0
pubchem.compound:24821094	UMLS:C0002453	0
CHEMBL:CHEMBL1201468	UMLS:C1841837	0
pubchem.compound:51763	UMLS:C5681167	0
pubchem.compound:164522	UMLS:C5830244	0
CHEMBL:CHEMBL3137343	UMLS:C0021368	0
pubchem.compound:23634441	UMLS:C1306122	0
CHEMBL:CHEMBL502835	UMLS:C0231528	0
pubchem.compound:2435	UMLS:C0007398	0
pubchem.compound:5282452	UMLS:C2931367	0
pubchem.compound:134821691	UMLS:C0521620	0
CHEMBL:CHEMBL3707227	UMLS:C0235032	0
pubchem.compound:5282451	UMLS:C0023269	0
pubchem.compound:23724914	UMLS:C1134719	0
pubchem.compound:13810	UMLS:C1956131	0
CHEMBL:CHEMBL3989989	UMLS:C4013699	0
pubchem.compound:5281104	UMLS:C5679970	0
pubchem.compound:90467234	UMLS:C3150956	0
pubchem.compound:5282448	UMLS:C0343055	0
pubchem.compound:5909	UMLS:C0009405	0
pubchem.compound:121892	UMLS:C5676969	0
CHEMBL:CHEMBL4297536	UMLS:C0015625	0
pubchem.compound:1727	UMLS:C1335473	0
pubchem.compound:172197	UMLS:C4748839	0
pubchem.compound:5280360	UMLS:C5680331	0
pubchem.compound:11236126	UMLS:C4015405	0
pubchem.compound:24872560	UMLS:C5543334	0
pubchem.compound:11274333	UMLS:C0266491	0
CHEMBL:CHEMBL595	UMLS:C5681644	0
pubchem.compound:644019	UMLS:C0740457	0
CHEMBL:CHEMBL2109653	UMLS:C0027819	0
CHEMBL:CHEMBL2109667	UMLS:C4721414	0
pubchem.compound:5523	UMLS:C0376407	0
pubchem.compound:65825	UMLS:C0018553	0
pubchem.compound:3386	UMLS:C4014291	0
pubchem.compound:27661	UMLS:C0031069	0
pubchem.compound:23706212	UMLS:C0004134	0
pubchem.compound:135413547	UMLS:C0029823	0
pubchem.compound:54676537	UMLS:C5561925	0
pubchem.compound:53241147	UMLS:C4020900	0
pubchem.compound:337359	UMLS:C0019054	0
CHEMBL:CHEMBL3408947	UMLS:C0038220	0
pubchem.compound:16051941	UMLS:C1837249	0
pubchem.compound:5487427	UMLS:C5396362	0
pubchem.compound:4946	UMLS:C3899764	0
pubchem.compound:121490161	UMLS:C3280795	0
pubchem.compound:4054	UMLS:C0342684	0
CHEMBL:CHEMBL2109058	UMLS:C0018824	0
pubchem.compound:59634741	UMLS:C5830322	0
CHEMBL:CHEMBL1201468	UMLS:C0027947	0
pubchem.compound:25025298	UMLS:C0006309	0
pubchem.compound:25253377	UMLS:C1720824	0
pubchem.compound:657309	UMLS:C5191640	0
pubchem.compound:2726	UMLS:C2931478	0
pubchem.compound:9838712	UMLS:C5436935	0
pubchem.compound:216326	UMLS:C0014556	0
pubchem.compound:5426	UMLS:C1560305	0
pubchem.compound:4890	UMLS:C0270612	0
pubchem.compound:47811	UMLS:C1832978	0
CHEMBL:CHEMBL1743019	UMLS:C0349639	0
CHEMBL:CHEMBL2109457	UMLS:C2931838	0
CHEMBL:CHEMBL2393130	UMLS:C0205875	0
pubchem.compound:9903970	UMLS:C0037769	0
CHEMBL:CHEMBL1981592	UMLS:C0025521	0
pubchem.compound:9831642	UMLS:C1867904	0
CHEMBL:CHEMBL1201438	UMLS:C2931121	0
pubchem.compound:2720	UMLS:C0525041	0
pubchem.compound:60860	UMLS:C0424688	0
pubchem.compound:60198	UMLS:C0018781	0
pubchem.compound:11001318	UMLS:C1333015	0
CHEMBL:CHEMBL1201577	UMLS:C0020217	0
pubchem.compound:4100	UMLS:C0037116	0
pubchem.compound:124081865	UMLS:C0279626	0
pubchem.compound:178024	UMLS:C3541518	0
pubchem.compound:135449332	UMLS:C0008925	0
CHEMBL:CHEMBL4297990	UMLS:C5681601	0
pubchem.compound:49831257	UMLS:C1970180	0
pubchem.compound:9280	UMLS:C0041696	0
pubchem.compound:5757	UMLS:C0029607	0
pubchem.compound:16222096	UMLS:C0036341	0
pubchem.compound:5978	UMLS:C0079745	0
CHEMBL:CHEMBL1201566	UMLS:C2936380	0
pubchem.compound:4595	UMLS:C5561981	0
pubchem.compound:6917715	UMLS:C1335469	0
pubchem.compound:4091	UMLS:C2750075	0
CHEMBL:CHEMBL4594618	UMLS:C0035309	0
CHEMBL:CHEMBL1201576	UMLS:C0018798	0
pubchem.compound:5311497	UMLS:C2677637	0
pubchem.compound:9280	UMLS:C0026266	0
pubchem.compound:58438464	UMLS:C4014553	0
CHEMBL:CHEMBL2108350	UMLS:C0497552	0
pubchem.compound:441358	UMLS:C0153493	0
CHEMBL:CHEMBL4297163	UMLS:C5562075	0
pubchem.compound:9843750	UMLS:C4016265	0
pubchem.compound:68029831	UMLS:C4225383	0
pubchem.compound:23666110	UMLS:C0032285	0
pubchem.compound:3440	UMLS:C0426790	0
pubchem.compound:9827599	UMLS:C0158543	0
CHEMBL:CHEMBL2108791	UMLS:C0265213	0
pubchem.compound:148196	UMLS:C0158646	0
pubchem.compound:71301	UMLS:C1849394	0
pubchem.compound:38101	UMLS:C4479526	0
pubchem.compound:5282381	UMLS:C0085602	0
pubchem.compound:16158208	UMLS:C0525045	0
CHEMBL:CHEMBL2108185	UMLS:C3160719	0
pubchem.compound:11622909	UMLS:C1856738	0
pubchem.compound:644241	UMLS:C0029171	0
pubchem.compound:3385	UMLS:C1334655	0
pubchem.compound:9870652	UMLS:C0042842	0
pubchem.compound:5994	UMLS:C3825727	0
pubchem.compound:11256664	UMLS:C0344523	0
CHEMBL:CHEMBL2108185	UMLS:C1850830	0
CHEMBL:CHEMBL2108427	UMLS:C2931456	0
CHEMBL:CHEMBL4594338	UMLS:C4021085	0
pubchem.compound:9782	UMLS:C4048270	0
CHEMBL:CHEMBL4298079	UMLS:C0948008	0
pubchem.compound:25151352	UMLS:C0013502	0
pubchem.compound:2092	UMLS:C3160814	0
pubchem.compound:91809208	UMLS:C4014869	0
CHEMBL:CHEMBL1428	UMLS:C3658267	0
CHEMBL:CHEMBL1201571	UMLS:C4721891	0
pubchem.compound:6451149	UMLS:C0042514	0
pubchem.compound:59768	UMLS:C0019624	0
pubchem.compound:135413539	UMLS:C1334655	0
pubchem.compound:71360	UMLS:C0040053	0
pubchem.compound:16222096	UMLS:C1865866	0
pubchem.compound:63009	UMLS:C2750078	0
pubchem.compound:5311128	UMLS:C5686324	0
pubchem.compound:3394	UMLS:C4693843	0
pubchem.compound:9794485	UMLS:C0282193	0
CHEMBL:CHEMBL4298124	UMLS:C0035220	0
pubchem.compound:124181541	UMLS:C0457133	0
pubchem.compound:3899	UMLS:C3696898	0
pubchem.compound:2318	UMLS:C0031762	0
pubchem.compound:23663956	UMLS:C3715164	0
pubchem.compound:9864881	UMLS:C2675722	0
pubchem.compound:2746	UMLS:C0020578	0
pubchem.compound:130881	UMLS:C0033860	0
pubchem.compound:5656	UMLS:C2675718	0
CHEMBL:CHEMBL4650469	UMLS:C3825727	0
pubchem.compound:3440	UMLS:C0376358	0
pubchem.compound:5656	UMLS:C0334389	0
pubchem.compound:10184653	UMLS:C0151779	0
pubchem.compound:44564108	UMLS:C5561963	0
CHEMBL:CHEMBL4298124	UMLS:C1853198	0
pubchem.compound:11990828	UMLS:C5679692	0
CHEMBL:CHEMBL5315048	UMLS:C1868120	0
pubchem.compound:5523	UMLS:C0730292	0
pubchem.compound:9903970	UMLS:C1847614	0
pubchem.compound:23674183	UMLS:C1843153	0
pubchem.compound:53359	UMLS:C0220998	0
pubchem.compound:91667513	UMLS:C0162770	0
CHEMBL:CHEMBL1201505	UMLS:C3887851	0
pubchem.compound:68873	UMLS:C4023252	0
pubchem.compound:60795	UMLS:C0020550	0
pubchem.compound:166625231	UMLS:C0740302	0
pubchem.compound:55245	UMLS:C2981132	0
pubchem.compound:46908928	UMLS:C1415817	0
pubchem.compound:337359	UMLS:C0549622	0
pubchem.compound:11236066	UMLS:C0426428	0
pubchem.compound:5311027	UMLS:C4225330	0
pubchem.compound:3519	UMLS:C0854795	0
pubchem.compound:44146842	UMLS:C1510489	0
pubchem.compound:2585	UMLS:C0023530	0
pubchem.compound:16130957	UMLS:C2678484	0
pubchem.compound:126506029	UMLS:C2751843	0
CHEMBL:CHEMBL1201825	UMLS:C2317073	0
pubchem.compound:164522	UMLS:C1334410	0
pubchem.compound:5994	UMLS:C0030246	0
CHEMBL:CHEMBL289228	UMLS:C0752323	0
pubchem.compound:57363	UMLS:C0029810	0
pubchem.compound:32170	UMLS:C1136210	0
CHEMBL:CHEMBL2108568	UMLS:C5203670	0
pubchem.compound:174174	UMLS:C2720293	0
CHEMBL:CHEMBL4297840	UMLS:C0376618	0
pubchem.compound:5282226	UMLS:C0086664	0
pubchem.compound:4999	UMLS:C0023896	0
pubchem.compound:4095	UMLS:C3715164	0
pubchem.compound:25141092	UMLS:C1842581	0
pubchem.compound:11685945	UMLS:C2746069	0
pubchem.compound:4679	UMLS:C0553980	0
pubchem.compound:5918	UMLS:C1836916	0
pubchem.compound:145068	UMLS:C0740457	0
pubchem.compound:3678	UMLS:C1836694	0
pubchem.compound:636380	UMLS:C0042164	0
pubchem.compound:68210102	UMLS:C0553707	0
pubchem.compound:25017411	UMLS:C1334655	0
pubchem.compound:3494	UMLS:C4021784	0
CHEMBL:CHEMBL3990016	UMLS:C1847605	0
pubchem.compound:6917964	UMLS:C0020443	0
CHEMBL:CHEMBL1201833	UMLS:C0027540	0
pubchem.compound:9280	UMLS:C0796070	0
pubchem.compound:2333	UMLS:C0344516	0
pubchem.compound:42611257	UMLS:C1859727	0
pubchem.compound:6918092	UMLS:C0029513	0
pubchem.compound:92722	UMLS:C0917796	0
CHEMBL:CHEMBL1201505	UMLS:C0279613	0
CHEMBL:CHEMBL4650509	UMLS:C0158651	0
pubchem.compound:123631	UMLS:C0162770	0
pubchem.compound:19371515	UMLS:C1260926	0
pubchem.compound:9444	UMLS:C4748455	0
CHEMBL:CHEMBL1743058	UMLS:C0162872	0
pubchem.compound:9924495	UMLS:C0221074	0
pubchem.compound:6445540	UMLS:C4016264	0
pubchem.compound:132999	UMLS:C0041327	0
pubchem.compound:155815	UMLS:C0003850	0
pubchem.compound:16759173	UMLS:C4316870	0
CHEMBL:CHEMBL4297841	UMLS:C0156257	0
pubchem.compound:36462	UMLS:C4693941	0
pubchem.compound:62857	UMLS:C0033687	0
CHEMBL:CHEMBL1201827	UMLS:C4539937	0
pubchem.compound:25161177	UMLS:C0013369	0
pubchem.compound:3078519	UMLS:C0008489	0
pubchem.compound:24875372	UMLS:C3887876	0
CHEMBL:CHEMBL1743070	UMLS:C5679692	0
pubchem.compound:15606394	UMLS:C0270611	0
pubchem.compound:60822	UMLS:C5575495	0
CHEMBL:CHEMBL4650398	UMLS:C4304832	0
pubchem.compound:5282409	UMLS:C4540040	0
pubchem.compound:5353622	UMLS:C0270912	0
pubchem.compound:9843750	UMLS:C5680452	0
pubchem.compound:46184405	UMLS:C0008449	0
pubchem.compound:62857	UMLS:C0423250	0
pubchem.compound:176871	UMLS:C0158733	0
pubchem.compound:154101	UMLS:C4016264	0
CHEMBL:CHEMBL4650514	UMLS:C0032197	0
CHEMBL:CHEMBL4297887	UMLS:C0153567	0
pubchem.compound:3278	UMLS:C1836906	0
pubchem.compound:9560989	UMLS:C0349639	0
pubchem.compound:60815	UMLS:C0235833	0
CHEMBL:CHEMBL4594385	UMLS:C0751495	0
pubchem.compound:5360733	UMLS:C0085628	0
pubchem.compound:4171	UMLS:C4750849	0
pubchem.compound:9887712	UMLS:C1168401	0
pubchem.compound:5280360	UMLS:C0038273	0
pubchem.compound:5152	UMLS:C0265581	0
pubchem.compound:5282226	UMLS:C3278923	0
pubchem.compound:71412	UMLS:C2677180	0
CHEMBL:CHEMBL4594331	UMLS:C0038454	0
CHEMBL:CHEMBL3301583	UMLS:C0008780	0
pubchem.compound:5284472	UMLS:C0015923	0
pubchem.compound:9955977	UMLS:C0796147	0
pubchem.compound:23724914	UMLS:C0543888	0
pubchem.compound:4906	UMLS:C0015934	0
pubchem.compound:43032	UMLS:C0008073	0
pubchem.compound:6445540	UMLS:C1853100	0
pubchem.compound:208902	UMLS:C1292779	0
pubchem.compound:71412	UMLS:C0220663	0
pubchem.compound:517326	UMLS:C0013604	0
CHEMBL:CHEMBL1201572	UMLS:C3810404	0
pubchem.compound:118878093	UMLS:C0027720	0
pubchem.compound:47811	UMLS:C4025360	0
CHEMBL:CHEMBL4297829	UMLS:C3541518	0
pubchem.compound:24872560	UMLS:C3280785	0
pubchem.compound:3121	UMLS:C4551563	0
CHEMBL:CHEMBL4297722	UMLS:C0028797	0
pubchem.compound:5284596	UMLS:C5680265	0
pubchem.compound:16720766	UMLS:C0027707	0
pubchem.compound:4679	UMLS:C0043345	0
pubchem.compound:129269915	UMLS:C5436867	0
pubchem.compound:135413547	UMLS:C2750027	0
pubchem.compound:5556	UMLS:C4748839	0
pubchem.compound:13290219	UMLS:C1970859	0
pubchem.compound:8514	UMLS:C3850148	0
CHEMBL:CHEMBL3833320	UMLS:C0546264	0
pubchem.compound:56959	UMLS:C1275808	0
pubchem.compound:439260	UMLS:C0015306	0
CHEMBL:CHEMBL1743034	UMLS:C0022797	0
pubchem.compound:5311	UMLS:C2931743	0
CHEMBL:CHEMBL2109379	UMLS:C0268384	0
pubchem.compound:158781	UMLS:C0014013	0
pubchem.compound:9820008	UMLS:C0023518	0
pubchem.compound:3878	UMLS:C0026858	0
pubchem.compound:5361	UMLS:C0024236	0
pubchem.compound:62937	UMLS:C0019202	0
pubchem.compound:5280723	UMLS:C0024894	0
pubchem.compound:16134956	UMLS:C5543334	0
pubchem.compound:5284549	UMLS:C0013581	0
pubchem.compound:2088	UMLS:C0041295	0
pubchem.compound:5282448	UMLS:C3553450	0
pubchem.compound:5206	UMLS:C3150412	0
CHEMBL:CHEMBL2108955	UMLS:C3808145	0
pubchem.compound:82148	UMLS:C0338106	0
pubchem.compound:11626560	UMLS:C0525045	0
CHEMBL:CHEMBL4594503	UMLS:C0243057	0
pubchem.compound:121587	UMLS:C0020490	0
CHEMBL:CHEMBL1201831	UMLS:C0079683	0
pubchem.compound:3151	UMLS:C1832466	0
pubchem.compound:5656	UMLS:C1852767	0
pubchem.compound:3078519	UMLS:C5436576	0
pubchem.compound:119570	UMLS:C0008925	0
pubchem.compound:2216	UMLS:C0268146	0
pubchem.compound:46188928	UMLS:C0004903	0
pubchem.compound:10182969	UMLS:C1861863	0
pubchem.compound:104850	UMLS:C0023772	0
pubchem.compound:4674	UMLS:C4085590	0
pubchem.compound:60734	UMLS:C4021547	0
pubchem.compound:16720766	UMLS:C0162568	0
pubchem.compound:46908928	UMLS:C3266898	0
pubchem.compound:60853	UMLS:C2750067	0
pubchem.compound:10660	UMLS:C0162565	0
pubchem.compound:135400189	UMLS:C0280803	0
CHEMBL:CHEMBL2108131	UMLS:C0040997	0
pubchem.compound:20112022	UMLS:C0279613	0
pubchem.compound:6420040	UMLS:C4273714	0
CHEMBL:CHEMBL2109540	UMLS:C1292772	0
pubchem.compound:135413520	UMLS:C3810363	0
pubchem.compound:1775	UMLS:C0002940	0
CHEMBL:CHEMBL2108738	UMLS:C2677180	0
CHEMBL:CHEMBL1743029	UMLS:C0019054	0
pubchem.compound:11557040	UMLS:C3553944	0
pubchem.compound:11243969	UMLS:C0152013	0
pubchem.compound:9578005	UMLS:C2678477	0
CHEMBL:CHEMBL1742982	UMLS:C1963943	0
CHEMBL:CHEMBL1201438	UMLS:C0149630	0
pubchem.compound:60490	UMLS:C1858050	0
pubchem.compound:25102846	UMLS:C0270612	0
pubchem.compound:5281884	UMLS:C0278701	0
CHEMBL:CHEMBL3545159	UMLS:C0749424	0
pubchem.compound:2564	UMLS:C0020456	0
pubchem.compound:51349053	UMLS:C0162557	0
pubchem.compound:5284603	UMLS:C1858386	0
pubchem.compound:54687	UMLS:C1846038	0
pubchem.compound:71544786	UMLS:C5703292	0
pubchem.compound:11450633	UMLS:C0853697	0
pubchem.compound:9818306	UMLS:C3809483	0
pubchem.compound:248	UMLS:C1332338	0
pubchem.compound:92722	UMLS:C4016425	0
pubchem.compound:23897	UMLS:C0032768	0
pubchem.compound:59227	UMLS:C5679692	0
CHEMBL:CHEMBL3545412	UMLS:C0152236	0
CHEMBL:CHEMBL1201561	UMLS:C0426790	0
pubchem.compound:9833407	UMLS:C0399372	0
pubchem.compound:2583	UMLS:C0340804	0
pubchem.compound:11001318	UMLS:C4021618	0
pubchem.compound:3111	UMLS:C0025193	0
pubchem.compound:9560989	UMLS:C0029595	0
pubchem.compound:5356	UMLS:C0600427	0
CHEMBL:CHEMBL3039545	UMLS:C4023354	0
pubchem.compound:23681059	UMLS:C1836651	0
pubchem.compound:71353	UMLS:C0268125	0
CHEMBL:CHEMBL2107857	UMLS:C1387923	0
pubchem.compound:3108	UMLS:C0042974	0
pubchem.compound:636403	UMLS:C2748542	0
pubchem.compound:104741	UMLS:C0587371	0
pubchem.compound:115237	UMLS:C4025576	0
CHEMBL:CHEMBL1201577	UMLS:C4025650	0
pubchem.compound:5284549	UMLS:C0085584	0
pubchem.compound:5464092	UMLS:C0549622	0
pubchem.compound:6435415	UMLS:C0399367	0
pubchem.compound:86705695	UMLS:C0018824	0
pubchem.compound:5281078	UMLS:C0023860	0
pubchem.compound:10311306	UMLS:C2677101	0
CHEMBL:CHEMBL3707325	UMLS:C1847319	0
pubchem.compound:135564864	UMLS:C0268146	0
pubchem.compound:3883	UMLS:C4693367	0
pubchem.compound:3385	UMLS:C0042963	0
pubchem.compound:9294	UMLS:C0399372	0
pubchem.compound:90420193	UMLS:C1112256	0
pubchem.compound:5359	UMLS:C0011609	0
pubchem.compound:9832447	UMLS:C1335167	0
CHEMBL:CHEMBL2108184	UMLS:C1846896	0
pubchem.compound:44610678	UMLS:C0410528	0
pubchem.compound:3519	UMLS:C4021085	0
CHEMBL:CHEMBL2108334	UMLS:C1263846	0
pubchem.compound:44126305	UMLS:C4281785	0
pubchem.compound:5834	UMLS:C0025958	0
pubchem.compound:3108	UMLS:C4016279	0
pubchem.compound:124181541	UMLS:C5562018	0
pubchem.compound:5709	UMLS:C1859690	0
pubchem.compound:54687	UMLS:C2677180	0
CHEMBL:CHEMBL3544910	UMLS:C5680294	0
pubchem.compound:3002977	UMLS:C0014116	0
pubchem.compound:3827	UMLS:C1854912	0
CHEMBL:CHEMBL4594511	UMLS:C0268393	0
CHEMBL:CHEMBL4297744	UMLS:C0393814	0
CHEMBL:CHEMBL3990011	UMLS:C4310656	0
CHEMBL:CHEMBL2108147	UMLS:C0751815	0
CHEMBL:CHEMBL1201828	UMLS:C1869116	0
CHEMBL:CHEMBL2108359	UMLS:C0015934	0
pubchem.compound:6433095	UMLS:C0013338	0
pubchem.compound:86294127	UMLS:C0948163	0
pubchem.compound:159603	UMLS:C5681636	0
pubchem.compound:42611257	UMLS:C0158733	0
pubchem.compound:86294127	UMLS:C0022661	0
CHEMBL:CHEMBL1201568	UMLS:C0010068	0
pubchem.compound:60837	UMLS:C4511672	0
pubchem.compound:5910	UMLS:C4290088	0
pubchem.compound:9924495	UMLS:C0036875	0
pubchem.compound:9952916	UMLS:C3532934	0
pubchem.compound:4261	UMLS:C0157743	0
CHEMBL:CHEMBL2364648	UMLS:C4310722	0
pubchem.compound:9853053	UMLS:C1838659	0
CHEMBL:CHEMBL1201581	UMLS:C3805411	0
pubchem.compound:4171	UMLS:C1970163	0
pubchem.compound:11399764	UMLS:C0005586	0
CHEMBL:CHEMBL2108723	UMLS:C0018128	0
CHEMBL:CHEMBL5095052	UMLS:C1335062	0
CHEMBL:CHEMBL1201550	UMLS:C0162359	0
pubchem.compound:5832	UMLS:C1560305	0
pubchem.compound:18343	UMLS:C0265290	0
pubchem.compound:156419	UMLS:C4751168	0
pubchem.compound:636362	UMLS:C3502809	0
pubchem.compound:44482554	UMLS:C0085090	0
CHEMBL:CHEMBL2109330	UMLS:C0403814	0
pubchem.compound:447715	UMLS:C1862511	0
pubchem.compound:11591741	UMLS:C1863732	0
pubchem.compound:5311221	UMLS:C1840529	0
pubchem.compound:10127622	UMLS:C4016054	0
pubchem.compound:56639723	UMLS:C0032580	0
pubchem.compound:122197536	UMLS:C0151786	0
pubchem.compound:2520	UMLS:C0037019	0
pubchem.compound:5311068	UMLS:C2931258	0
pubchem.compound:90420193	UMLS:C0432217	0
CHEMBL:CHEMBL2109103	UMLS:C1837008	0
pubchem.compound:441344	UMLS:C5393309	0
pubchem.compound:16231	UMLS:C1834752	0
pubchem.compound:11672602	UMLS:C3658267	0
pubchem.compound:9804938	UMLS:C5703292	0
pubchem.compound:25151352	UMLS:C0033687	0
pubchem.compound:4020	UMLS:C0024437	0
pubchem.compound:60734	UMLS:C3850148	0
CHEMBL:CHEMBL4802221	UMLS:C1832388	0
pubchem.compound:5388962	UMLS:C3554355	0
pubchem.compound:157313	UMLS:C1858386	0
CHEMBL:CHEMBL2108589	UMLS:C0341698	0
pubchem.compound:23725423	UMLS:C0037926	0
pubchem.compound:5280795	UMLS:C1969053	0
pubchem.compound:129211	UMLS:C1847614	0
CHEMBL:CHEMBL2109204	UMLS:C1535926	0
pubchem.compound:56801	UMLS:C0021051	0
pubchem.compound:60953	UMLS:C0005944	0
pubchem.compound:4456	UMLS:C1862841	0
pubchem.compound:124246	UMLS:C0020507	0
pubchem.compound:5523	UMLS:C0158731	0
pubchem.compound:5282379	UMLS:C0013362	0
pubchem.compound:42611257	UMLS:C1563709	0
pubchem.compound:4485	UMLS:C0008373	0
pubchem.compound:969472	UMLS:C1708371	0
pubchem.compound:5073	UMLS:C0020578	0
CHEMBL:CHEMBL2107862	UMLS:C0031190	0
CHEMBL:CHEMBL4594385	UMLS:C4693831	0
CHEMBL:CHEMBL1201828	UMLS:C0271623	0
pubchem.compound:3385	UMLS:C0017638	0
pubchem.compound:4100	UMLS:C0006870	0
CHEMBL:CHEMBL121	UMLS:C0001824	0
pubchem.compound:104769	UMLS:C0243026	0
pubchem.compound:9936746	UMLS:C1956349	0
pubchem.compound:72941992	UMLS:C1835671	0
pubchem.compound:47811	UMLS:C0810364	0
pubchem.compound:66653479	UMLS:C0553681	0
CHEMBL:CHEMBL2108429	UMLS:C1970848	0
CHEMBL:CHEMBL3990016	UMLS:C4511672	0
pubchem.compound:6918140	UMLS:C0032285	0
pubchem.compound:5039	UMLS:C0018816	0
CHEMBL:CHEMBL1743007	UMLS:C5830586	0
CHEMBL:CHEMBL1201649	UMLS:C2711630	0
pubchem.compound:23680530	UMLS:C0010072	0
pubchem.compound:10288191	UMLS:C3888087	0
CHEMBL:CHEMBL1201621	UMLS:C4510872	0
CHEMBL:CHEMBL4594334	UMLS:C0023015	0
pubchem.compound:118115473	UMLS:C4016761	0
pubchem.compound:16362	UMLS:C0348371	0
pubchem.compound:73355910	UMLS:C4317043	0
pubchem.compound:54892	UMLS:C1862939	0
pubchem.compound:656862	UMLS:C1578917	0
pubchem.compound:3168	UMLS:C1859722	0
pubchem.compound:9808998	UMLS:C1864694	0
CHEMBL:CHEMBL3545132	UMLS:C0035258	0
pubchem.compound:9871419	UMLS:C0238288	0
pubchem.compound:44516822	UMLS:C3280378	0
pubchem.compound:86705695	UMLS:C5231404	0
pubchem.compound:71481097	UMLS:C0393706	0
pubchem.compound:9560989	UMLS:C5562039	0
pubchem.compound:16961	UMLS:C2931258	0
CHEMBL:CHEMBL1201821	UMLS:C0600519	0
pubchem.compound:131634231	UMLS:C0032897	0
pubchem.compound:31307	UMLS:C3280790	0
pubchem.compound:148201	UMLS:C0018798	0
pubchem.compound:25145656	UMLS:C4748080	0
pubchem.compound:359	UMLS:C1842180	0
pubchem.compound:3356	UMLS:C1704375	0
pubchem.compound:448601	UMLS:C0025517	0
pubchem.compound:60750	UMLS:C5436727	0
pubchem.compound:10182969	UMLS:C0037221	0
CHEMBL:CHEMBL1428	UMLS:C0740394	0
pubchem.compound:3005572	UMLS:C4551602	0
pubchem.compound:60953	UMLS:C0342276	0
CHEMBL:CHEMBL2108078	UMLS:C0014877	0
pubchem.compound:3016	UMLS:C1834751	0
pubchem.compound:2789	UMLS:C0677866	0
pubchem.compound:3052776	UMLS:C4310715	0
pubchem.compound:34312	UMLS:C3151059	0
pubchem.compound:15981397	UMLS:C2675719	0
pubchem.compound:4614	UMLS:C0700501	0
pubchem.compound:11525740	UMLS:C4025870	0
CHEMBL:CHEMBL2108675	UMLS:C0917804	0
pubchem.compound:16051941	UMLS:C0311468	0
CHEMBL:CHEMBL414357	UMLS:C1865866	0
pubchem.compound:156009451	UMLS:C0205875	0
pubchem.compound:119584	UMLS:C0013363	0
pubchem.compound:5311181	UMLS:C1867971	0
pubchem.compound:71717894	UMLS:C3809665	0
pubchem.compound:11125	UMLS:C0038220	0
pubchem.compound:16923	UMLS:C3501848	0
CHEMBL:CHEMBL4297887	UMLS:C0149940	0
pubchem.compound:2811	UMLS:C0025149	0
pubchem.compound:5504	UMLS:C0031762	0
pubchem.compound:38101	UMLS:C3553859	0
pubchem.compound:5070	UMLS:C0024301	0
pubchem.compound:9971980	UMLS:C0220697	0
pubchem.compound:23634441	UMLS:C1848702	0
pubchem.compound:28620	UMLS:C0079745	0
pubchem.compound:5526	UMLS:C0342749	0
pubchem.compound:46908928	UMLS:C0205713	0
pubchem.compound:60749	UMLS:C1955870	0
pubchem.compound:135398737	UMLS:C0008373	0
pubchem.compound:644077	UMLS:C0037769	0
CHEMBL:CHEMBL1742999	UMLS:C0376634	0
CHEMBL:CHEMBL4594505	UMLS:C0751038	0
pubchem.compound:31401	UMLS:C1292774	0
pubchem.compound:11962412	UMLS:C1313885	0
pubchem.compound:11683556	UMLS:C4016055	0
pubchem.compound:9838021	UMLS:C1856121	0
pubchem.compound:5073	UMLS:C0018991	0
CHEMBL:CHEMBL2108611	UMLS:C3888087	0
pubchem.compound:3114	UMLS:C2677637	0
CHEMBL:CHEMBL1201558	UMLS:C0003977	0
pubchem.compound:24965990	UMLS:C4023248	0
pubchem.compound:171359947	UMLS:C1968949	0
pubchem.compound:249332	UMLS:C0003811	0
pubchem.compound:5419	UMLS:C0677866	0
pubchem.compound:2726	UMLS:C3808145	0
pubchem.compound:71226662	UMLS:C3539878	0
pubchem.compound:24749700	UMLS:C1833236	0
pubchem.compound:13109	UMLS:C4021159	0
pubchem.compound:23724914	UMLS:C4014641	0
pubchem.compound:11949646	UMLS:C0085084	0
CHEMBL:CHEMBL1428	UMLS:C0023795	0
pubchem.compound:6100	UMLS:C0426428	0
pubchem.compound:4679	UMLS:C0349588	0
pubchem.compound:23663991	UMLS:C5680153	0
pubchem.compound:5210	UMLS:C0431368	0
pubchem.compound:3958	UMLS:C4025276	0
pubchem.compound:441409	UMLS:C1869115	0
CHEMBL:CHEMBL4297537	UMLS:C0343055	0
pubchem.compound:2733525	UMLS:C4016056	0
pubchem.compound:171359947	UMLS:C0002882	0
CHEMBL:CHEMBL2109482	UMLS:C0020557	0
pubchem.compound:49831411	UMLS:C3806583	0
CHEMBL:CHEMBL3545191	UMLS:C1847501	0
CHEMBL:CHEMBL1201572	UMLS:C0042594	0
pubchem.compound:44595079	UMLS:C5193002	0
pubchem.compound:4991	UMLS:C1720859	0
pubchem.compound:5386	UMLS:C0040822	0
pubchem.compound:135400189	UMLS:C3554593	0
CHEMBL:CHEMBL4298037	UMLS:C0239998	0
pubchem.compound:6420057	UMLS:C5829889	0
pubchem.compound:2723601	UMLS:C0241868	0
CHEMBL:CHEMBL2109379	UMLS:C0278752	0
pubchem.compound:11685945	UMLS:C1859722	0
pubchem.compound:71731823	UMLS:C0000768	0
pubchem.compound:9820008	UMLS:C0345049	0
pubchem.compound:5311181	UMLS:C1387923	0
pubchem.compound:2801	UMLS:C0546264	0
pubchem.compound:62978	UMLS:C3694279	0
CHEMBL:CHEMBL1743068	UMLS:C1257877	0
CHEMBL:CHEMBL4802221	UMLS:C0007134	0
CHEMBL:CHEMBL4297990	UMLS:C1704423	0
pubchem.compound:9051	UMLS:C0007832	0
pubchem.compound:3005573	UMLS:C5680365	0
pubchem.compound:146571	UMLS:C0346153	0
CHEMBL:CHEMBL1201476	UMLS:C1866029	0
CHEMBL:CHEMBL1237022	UMLS:C0022568	0
pubchem.compound:3385	UMLS:C0005859	0
pubchem.compound:6439522	UMLS:C4016298	0
pubchem.compound:5408	UMLS:C0003868	0
pubchem.compound:11315474	UMLS:C5681199	0
pubchem.compound:5807	UMLS:C3554355	0
pubchem.compound:10280735	UMLS:C4551714	0
pubchem.compound:9931954	UMLS:C5190608	0
pubchem.compound:60822	UMLS:C1853118	0
pubchem.compound:392622	UMLS:C0021655	0
CHEMBL:CHEMBL1742991	UMLS:C5574905	0
CHEMBL:CHEMBL289228	UMLS:C2930619	0
pubchem.compound:9838022	UMLS:C2874189	0
pubchem.compound:441290	UMLS:C1840379	0
pubchem.compound:132999	UMLS:C5679777	0
pubchem.compound:5311304	UMLS:C1305122	0
pubchem.compound:11519069	UMLS:C0009806	0
pubchem.compound:16760285	UMLS:C5568766	0
pubchem.compound:86294073	UMLS:C0020534	0
pubchem.compound:11622909	UMLS:C0154830	0
CHEMBL:CHEMBL2109092	UMLS:C1848519	0
pubchem.compound:164522	UMLS:C0348371	0
pubchem.compound:118878093	UMLS:C0021655	0
CHEMBL:CHEMBL4650509	UMLS:C0264774	0
pubchem.compound:5210	UMLS:C0027055	0
pubchem.compound:50922675	UMLS:C0234533	0
pubchem.compound:3034010	UMLS:C0007137	0
pubchem.compound:4100	UMLS:C0268542	0
pubchem.compound:16760425	UMLS:C1840529	0
CHEMBL:CHEMBL4297955	UMLS:C0042133	0
pubchem.compound:42890	UMLS:C0005974	0
pubchem.compound:3394	UMLS:C0005411	0
CHEMBL:CHEMBL1743034	UMLS:C5436712	0
pubchem.compound:23642301	UMLS:C3280790	0
pubchem.compound:53359	UMLS:C0268194	0
pubchem.compound:3510	UMLS:C5679933	0
pubchem.compound:91885457	UMLS:C4016809	0
pubchem.compound:51263	UMLS:C0155299	0
pubchem.compound:4212	UMLS:C5679990	0
pubchem.compound:125017	UMLS:C0010278	0
pubchem.compound:46216795	UMLS:C0220993	0
pubchem.compound:23724914	UMLS:C1840427	0
CHEMBL:CHEMBL4298089	UMLS:C2200127	0
pubchem.compound:5324346	UMLS:C4016325	0
pubchem.compound:6047	UMLS:C0162872	0
CHEMBL:CHEMBL1201583	UMLS:C0266484	0
pubchem.compound:135398737	UMLS:C0153107	0
pubchem.compound:2092	UMLS:C0153107	0
CHEMBL:CHEMBL1743081	UMLS:C0268414	0
CHEMBL:CHEMBL1201716	UMLS:C3714580	0
pubchem.compound:3055	UMLS:C1864849	0
pubchem.compound:5834	UMLS:C0011570	0
CHEMBL:CHEMBL1201610	UMLS:C0340643	0
pubchem.compound:5245	UMLS:C0042514	0
pubchem.compound:3520	UMLS:C5830329	0
pubchem.compound:4192	UMLS:C0024449	0
pubchem.compound:2160	UMLS:C0025362	0
pubchem.compound:5807	UMLS:C0542519	0
CHEMBL:CHEMBL2108427	UMLS:C0009691	0
pubchem.compound:108000	UMLS:C0025958	0
pubchem.compound:68210102	UMLS:C1847605	0
pubchem.compound:4436	UMLS:C2677770	0
pubchem.compound:2381	UMLS:C0025286	0
CHEMBL:CHEMBL1201505	UMLS:C3275959	0
CHEMBL:CHEMBL2108666	UMLS:C0005586	0
CHEMBL:CHEMBL1201568	UMLS:C1854369	0
pubchem.compound:5291	UMLS:C4048270	0
pubchem.compound:6918558	UMLS:C3809250	0
CHEMBL:CHEMBL2364652	UMLS:C3809001	0
pubchem.compound:16738693	UMLS:C4021727	0
pubchem.compound:10836	UMLS:C0154860	0
pubchem.compound:16725726	UMLS:C4014578	0
pubchem.compound:6436	UMLS:C4748803	0
pubchem.compound:3108	UMLS:C0342687	0
pubchem.compound:3105	UMLS:C0042900	0
pubchem.compound:5311067	UMLS:C0030201	0
pubchem.compound:9875401	UMLS:C0029408	0
pubchem.compound:60835	UMLS:C1843920	0
CHEMBL:CHEMBL2108681	UMLS:C0029171	0
CHEMBL:CHEMBL2364648	UMLS:C5561940	0
pubchem.compound:108000	UMLS:C1868681	0
pubchem.compound:11547499	UMLS:C0023316	0
pubchem.compound:2187	UMLS:C0155299	0
CHEMBL:CHEMBL1201421	UMLS:C4707308	0
pubchem.compound:3339	UMLS:C1332965	0
pubchem.compound:44564108	UMLS:C0042133	0
pubchem.compound:444036	UMLS:C5543526	0
CHEMBL:CHEMBL1201564	UMLS:C1868120	0
pubchem.compound:4674	UMLS:C1852091	0
CHEMBL:CHEMBL2108147	UMLS:C0162835	0
pubchem.compound:24821094	UMLS:C0556385	0
pubchem.compound:46883536	UMLS:C4540040	0
CHEMBL:CHEMBL1201564	UMLS:C0002103	0
pubchem.compound:3779	UMLS:C0022578	0
pubchem.compound:4212	UMLS:C0017531	0
pubchem.compound:5288783	UMLS:C1719382	0
pubchem.compound:3001028	UMLS:C5680265	0
pubchem.compound:452548	UMLS:C0553707	0
pubchem.compound:16214875	UMLS:C2910117	0
CHEMBL:CHEMBL4594492	UMLS:C0025958	0
pubchem.compound:6018	UMLS:C4551485	0
CHEMBL:CHEMBL2109093	UMLS:C4317043	0
pubchem.compound:5391	UMLS:C1858120	0
pubchem.compound:9865528	UMLS:C0432242	0
pubchem.compound:3715	UMLS:C0029516	0
pubchem.compound:4946	UMLS:C4551488	0
CHEMBL:CHEMBL4594492	UMLS:C2720293	0
pubchem.compound:2811	UMLS:C0221043	0
pubchem.compound:2771	UMLS:C1861456	0
pubchem.compound:5310966	UMLS:C0014859	0
pubchem.compound:4513	UMLS:C0018524	0
CHEMBL:CHEMBL1201572	UMLS:C5816691	0
pubchem.compound:135413547	UMLS:C1869114	0
pubchem.compound:121587	UMLS:C0340643	0
pubchem.compound:148123	UMLS:C1859773	0
pubchem.compound:9868491	UMLS:C0876994	0
pubchem.compound:3121	UMLS:C5830299	0
pubchem.compound:248	UMLS:C0033141	0
pubchem.compound:4195	UMLS:C5676978	0
pubchem.compound:2733525	UMLS:C3887898	0
pubchem.compound:52911611	UMLS:C0029456	0
pubchem.compound:25017411	UMLS:C0020217	0
pubchem.compound:16133812	UMLS:C1848947	0
pubchem.compound:45138527	UMLS:C2750078	0
pubchem.compound:25102846	UMLS:C1299247	0
pubchem.compound:10133	UMLS:C1863061	0
pubchem.compound:443879	UMLS:C0206641	0
CHEMBL:CHEMBL1201605	UMLS:C5779628	0
pubchem.compound:157313	UMLS:C0030328	0
pubchem.compound:5282448	UMLS:C0857007	0
pubchem.compound:4158	UMLS:C2985290	0
pubchem.compound:138713709	UMLS:C0220668	0
pubchem.compound:9864881	UMLS:C0426970	0
pubchem.compound:66558664	UMLS:C2751307	0
pubchem.compound:11477084	UMLS:C3280527	0
pubchem.compound:2369	UMLS:C0338656	0
pubchem.compound:2333	UMLS:C0596263	0
pubchem.compound:45255840	UMLS:C0019054	0
pubchem.compound:3658	UMLS:C3810405	0
pubchem.compound:4020	UMLS:C5679777	0
pubchem.compound:208908	UMLS:C4693941	0
pubchem.compound:2244	UMLS:C0149512	0
pubchem.compound:3883	UMLS:C0265264	0
CHEMBL:CHEMBL1743082	UMLS:C0349218	0
pubchem.compound:148124	UMLS:C0431363	0
CHEMBL:CHEMBL4297537	UMLS:C4021806	0
CHEMBL:CHEMBL2109391	UMLS:C0239548	0
pubchem.compound:5311304	UMLS:C0014859	0
pubchem.compound:249332	UMLS:C0600427	0
pubchem.compound:5909	UMLS:C1849813	0
pubchem.compound:4922	UMLS:C0023860	0
pubchem.compound:1548953	UMLS:C2931258	0
pubchem.compound:68289010	UMLS:C4479431	0
pubchem.compound:5556	UMLS:C0038358	0
pubchem.compound:4054	UMLS:C0003119	0
pubchem.compound:11980076	UMLS:C0007302	0
pubchem.compound:11285002	UMLS:C0005683	0
pubchem.compound:9852746	UMLS:C0032226	0
pubchem.compound:439260	UMLS:C1848552	0
CHEMBL:CHEMBL2108738	UMLS:C0027092	0
pubchem.compound:441074	UMLS:C0023518	0
pubchem.compound:4740	UMLS:C4021806	0
pubchem.compound:5487427	UMLS:C4016457	0
CHEMBL:CHEMBL1743044	UMLS:C4302671	0
pubchem.compound:155815	UMLS:C4551985	0
pubchem.compound:25141092	UMLS:C0034050	0
CHEMBL:CHEMBL1743058	UMLS:C0158543	0
pubchem.compound:176871	UMLS:C4016819	0
pubchem.compound:6918537	UMLS:C5774232	0
pubchem.compound:6918837	UMLS:C0040433	0
pubchem.compound:91617630	UMLS:C4310722	0
pubchem.compound:51263	UMLS:C0028797	0
pubchem.compound:86294073	UMLS:C0029823	0
pubchem.compound:406563	UMLS:C0341823	0
pubchem.compound:656665	UMLS:C0004045	0
CHEMBL:CHEMBL4298092	UMLS:C0751036	0
pubchem.compound:1349907	UMLS:C0242342	0
CHEMBL:CHEMBL1201830	UMLS:C1332219	0
pubchem.compound:6279	UMLS:C0206663	0
pubchem.compound:9966051	UMLS:C5436505	0
pubchem.compound:54841	UMLS:C4510367	0
pubchem.compound:46216796	UMLS:C1865926	0
CHEMBL:CHEMBL1743048	UMLS:C0236663	0
pubchem.compound:135449518	UMLS:C0031069	0
CHEMBL:CHEMBL3301587	UMLS:C0023518	0
pubchem.compound:5206	UMLS:C0409495	0
pubchem.compound:3000322	UMLS:C0010674	0
pubchem.compound:36708	UMLS:C0239234	0
pubchem.compound:64929	UMLS:C0037277	0
pubchem.compound:2540	UMLS:C0400966	0
pubchem.compound:91667513	UMLS:C4225304	0
pubchem.compound:2249	UMLS:C2746069	0
pubchem.compound:6918638	UMLS:C0086132	0
pubchem.compound:636362	UMLS:C0024624	0
CHEMBL:CHEMBL3137343	UMLS:C0553707	0
pubchem.compound:135398745	UMLS:C1839928	0
pubchem.compound:104850	UMLS:C0431904	0
pubchem.compound:47576	UMLS:C1839730	0
pubchem.compound:4054	UMLS:C4024936	0
pubchem.compound:2678	UMLS:C3805411	0
pubchem.compound:5282226	UMLS:C3151519	0
pubchem.compound:71577426	UMLS:C5681246	0
pubchem.compound:49831257	UMLS:C5680181	0
pubchem.compound:65326	UMLS:C0476403	0
pubchem.compound:39765	UMLS:C4751168	0
CHEMBL:CHEMBL2108426	UMLS:C0029866	0
pubchem.compound:11677589	UMLS:C5436714	0
pubchem.compound:11243969	UMLS:C0015310	0
CHEMBL:CHEMBL1201836	UMLS:C1332965	0
CHEMBL:CHEMBL1743007	UMLS:C0015398	0
pubchem.compound:657309	UMLS:C1866029	0
pubchem.compound:36708	UMLS:C0042514	0
pubchem.compound:636380	UMLS:C0024433	0
pubchem.compound:5324346	UMLS:C0017531	0
pubchem.compound:3520	UMLS:C1720861	0
pubchem.compound:44232546	UMLS:C3151519	0
pubchem.compound:208898	UMLS:C0029131	0
pubchem.compound:5593	UMLS:C0020429	0
pubchem.compound:10672195	UMLS:C1836830	0
CHEMBL:CHEMBL2109321	UMLS:C3280054	0
pubchem.compound:154101	UMLS:C0010403	0
CHEMBL:CHEMBL4594341	UMLS:C0399367	0
pubchem.compound:5556	UMLS:C0272199	0
pubchem.compound:3078519	UMLS:C0018781	0
CHEMBL:CHEMBL1201670	UMLS:C4277682	0
pubchem.compound:5291	UMLS:C0011871	0
pubchem.compound:53241147	UMLS:C0024236	0
CHEMBL:CHEMBL2108594	UMLS:C5569081	0
pubchem.compound:72165228	UMLS:C4510380	0
CHEMBL:CHEMBL2109171	UMLS:C1862839	0
CHEMBL:CHEMBL2108481	UMLS:C0281267	0
pubchem.compound:5206	UMLS:C0041234	0
pubchem.compound:146571	UMLS:C0007166	0
pubchem.compound:3108	UMLS:C0013502	0
pubchem.compound:49831257	UMLS:C2675459	0
CHEMBL:CHEMBL1201549	UMLS:C0265220	0
pubchem.compound:16203739	UMLS:C0001768	0
pubchem.compound:54687	UMLS:C1257806	0
pubchem.compound:23635314	UMLS:C4275067	0
CHEMBL:CHEMBL2108594	UMLS:C1849811	0
pubchem.compound:5282452	UMLS:C0751527	0
pubchem.compound:636380	UMLS:C0002736	0
pubchem.compound:47576	UMLS:C0752166	0
pubchem.compound:16351	UMLS:C0878676	0
CHEMBL:CHEMBL4650518	UMLS:C1285162	0
pubchem.compound:7029	UMLS:C4748701	0
CHEMBL:CHEMBL4298092	UMLS:C0020456	0
pubchem.compound:12714644	UMLS:C1868120	0
pubchem.compound:2803	UMLS:C0033860	0
pubchem.compound:2375	UMLS:C0264886	0
pubchem.compound:1548943	UMLS:C0019243	0
CHEMBL:CHEMBL1201836	UMLS:C3714534	0
CHEMBL:CHEMBL2108078	UMLS:C3541471	0
pubchem.compound:11167602	UMLS:C5569081	0
pubchem.compound:45138699	UMLS:C0043020	0
CHEMBL:CHEMBL4594511	UMLS:C0005967	0
CHEMBL:CHEMBL2108568	UMLS:C3551915	0
pubchem.compound:9865554	UMLS:C3554593	0
CHEMBL:CHEMBL3833384	UMLS:C0162557	0
pubchem.compound:91617630	UMLS:C0031190	0
pubchem.compound:9886917	UMLS:C0020476	0
CHEMBL:CHEMBL2107881	UMLS:C0949595	0
pubchem.compound:11450633	UMLS:C0020578	0
CHEMBL:CHEMBL1201823	UMLS:C0917796	0
CHEMBL:CHEMBL1743044	UMLS:C3280120	0
pubchem.compound:4449	UMLS:C3806153	0
pubchem.compound:42890	UMLS:C1861884	0
pubchem.compound:439693	UMLS:C1839928	0
CHEMBL:CHEMBL4297950	UMLS:C4748803	0
CHEMBL:CHEMBL3833346	UMLS:C0024143	0
pubchem.compound:10236037	UMLS:C4016412	0
pubchem.compound:164522	UMLS:C1836996	0
pubchem.compound:3033	UMLS:C0741160	0
CHEMBL:CHEMBL1743070	UMLS:C0238052	0
CHEMBL:CHEMBL3833342	UMLS:C0039070	0
pubchem.compound:5311027	UMLS:C0011860	0
CHEMBL:CHEMBL2107881	UMLS:C0021364	0
pubchem.compound:9930049	UMLS:C0035235	0
pubchem.compound:5362129	UMLS:C0153414	0
pubchem.compound:25102847	UMLS:C1956130	0
pubchem.compound:3016	UMLS:C1863012	0
CHEMBL:CHEMBL2108429	UMLS:C1879362	0
pubchem.compound:657309	UMLS:C0553980	0
pubchem.compound:25253377	UMLS:C5393309	0
CHEMBL:CHEMBL4297843	UMLS:C1862389	0
pubchem.compound:5757	UMLS:C5677001	0
pubchem.compound:67330085	UMLS:C1863061	0
pubchem.compound:135565678	UMLS:C5399761	0
pubchem.compound:4411	UMLS:C4025276	0
pubchem.compound:145948323	UMLS:C2750509	0
pubchem.compound:5283731	UMLS:C0206698	0
pubchem.compound:60496	UMLS:C1843386	0
pubchem.compound:23674183	UMLS:C0271092	0
pubchem.compound:57363	UMLS:C1837260	0
pubchem.compound:10133	UMLS:C5203670	0
pubchem.compound:2170	UMLS:C0020678	0
pubchem.compound:49846579	UMLS:C2750078	0
pubchem.compound:441074	UMLS:C0162671	0
pubchem.compound:5745	UMLS:C0399372	0
pubchem.compound:5284513	UMLS:C1970180	0
pubchem.compound:72950888	UMLS:C3888631	0
pubchem.compound:4037	UMLS:C0029707	0
pubchem.compound:5920	UMLS:C2750452	0
pubchem.compound:130881	UMLS:C0339535	0
pubchem.compound:23663959	UMLS:C3711374	0
pubchem.compound:4513	UMLS:C1865869	0
pubchem.compound:1775	UMLS:C5231424	0
pubchem.compound:70687254	UMLS:C0162359	0
pubchem.compound:9578572	UMLS:C4551332	0
pubchem.compound:64150	UMLS:C0206639	0
pubchem.compound:3157	UMLS:C0002874	0
pubchem.compound:5388962	UMLS:C3280527	0
pubchem.compound:60822	UMLS:C0264886	0
pubchem.compound:8514	UMLS:C1834752	0
pubchem.compound:49800010	UMLS:C5436552	0
pubchem.compound:17755248	UMLS:C0154409	0
CHEMBL:CHEMBL4297715	UMLS:C3280296	0
CHEMBL:CHEMBL413	UMLS:C0949690	0
pubchem.compound:3559	UMLS:C5436576	0
pubchem.compound:5284549	UMLS:C0015625	0
pubchem.compound:3156	UMLS:C4014294	0
pubchem.compound:9926832	UMLS:C1456865	0
CHEMBL:CHEMBL136478	UMLS:C5543334	0
pubchem.compound:175804	UMLS:C0270855	0
pubchem.compound:110635	UMLS:C5191640	0
pubchem.compound:9804938	UMLS:C0752105	0
pubchem.compound:41693	UMLS:C0010068	0
pubchem.compound:23725625	UMLS:C1860339	0
CHEMBL:CHEMBL4297744	UMLS:C5680250	0
pubchem.compound:54679224	UMLS:C5543526	0
CHEMBL:CHEMBL4650476	UMLS:C2750481	0
pubchem.compound:25134303	UMLS:C0007286	0
pubchem.compound:60822	UMLS:C0029513	0
pubchem.compound:5311065	UMLS:C0270685	0
pubchem.compound:65825	UMLS:C0007124	0
CHEMBL:CHEMBL2364648	UMLS:C0751748	0
pubchem.compound:3878	UMLS:C0268194	0
pubchem.compound:3055	UMLS:C2931345	0
CHEMBL:CHEMBL1743019	UMLS:C3501848	0
pubchem.compound:175805	UMLS:C0023264	0
pubchem.compound:89683805	UMLS:C4016054	0
CHEMBL:CHEMBL1742992	UMLS:C0029456	0
pubchem.compound:11749858	UMLS:C0013720	0
pubchem.compound:44232546	UMLS:C0023186	0
pubchem.compound:2118	UMLS:C3810107	0
pubchem.compound:644241	UMLS:C0575897	0
pubchem.compound:5245	UMLS:C5681167	0
pubchem.compound:51039094	UMLS:C5779875	0
pubchem.compound:71731823	UMLS:C0042510	0
pubchem.compound:10224267	UMLS:C0035235	0
pubchem.compound:5359318	UMLS:C0008043	0
pubchem.compound:9941444	UMLS:C0036349	0
pubchem.compound:77991	UMLS:C0004138	0
pubchem.compound:5994	UMLS:C1834153	0
pubchem.compound:23663403	UMLS:C0431904	0
CHEMBL:CHEMBL1743081	UMLS:C4305240	0
CHEMBL:CHEMBL3707324	UMLS:C0023470	0
CHEMBL:CHEMBL1743071	UMLS:C1837249	0
CHEMBL:CHEMBL4802221	UMLS:C0017551	0
pubchem.compound:23582846	UMLS:C0042580	0
pubchem.compound:6014	UMLS:C0241240	0
pubchem.compound:9829523	UMLS:C0085637	0
CHEMBL:CHEMBL1201515	UMLS:C1852767	0
pubchem.compound:135398744	UMLS:C0751495	0
CHEMBL:CHEMBL4297841	UMLS:C0266464	0
pubchem.compound:9827599	UMLS:C3463897	0
pubchem.compound:6321225	UMLS:C5829558	0
CHEMBL:CHEMBL3545386	UMLS:C0020615	0
pubchem.compound:3345	UMLS:C1864694	0
pubchem.compound:129228	UMLS:C1956131	0
pubchem.compound:392622	UMLS:C0751528	0
pubchem.compound:10161381	UMLS:C1263846	0
pubchem.compound:45255840	UMLS:C0260662	0
pubchem.compound:44232546	UMLS:C4551804	0
CHEMBL:CHEMBL2109430	UMLS:C1836916	0
pubchem.compound:3062316	UMLS:C0333355	0
pubchem.compound:9831642	UMLS:C1861099	0
pubchem.compound:71717894	UMLS:C3850148	0
CHEMBL:CHEMBL1201593	UMLS:C0024301	0
CHEMBL:CHEMBL3707325	UMLS:C1257877	0
pubchem.compound:13770	UMLS:C3266898	0
pubchem.compound:118878093	UMLS:C3266898	0
pubchem.compound:13342	UMLS:C0393598	0
pubchem.compound:5311027	UMLS:C0036069	0
pubchem.compound:63002	UMLS:C0151779	0
pubchem.compound:11285002	UMLS:C0345049	0
pubchem.compound:6918537	UMLS:C3552311	0
pubchem.compound:38101	UMLS:C0013069	0
pubchem.compound:6604100	UMLS:C0239842	0
CHEMBL:CHEMBL4298185	UMLS:C1835807	0
CHEMBL:CHEMBL4298089	UMLS:C0238052	0
pubchem.compound:135565923	UMLS:C0268579	0
CHEMBL:CHEMBL832	UMLS:C0019562	0
pubchem.compound:5282451	UMLS:C0007766	0
pubchem.compound:4674	UMLS:C0162823	0
pubchem.compound:11525740	UMLS:C5235141	0
pubchem.compound:153994	UMLS:C0520863	0
pubchem.compound:11167602	UMLS:C1857811	0
CHEMBL:CHEMBL2108791	UMLS:C0342643	0
pubchem.compound:54677470	UMLS:C4721845	0
pubchem.compound:71228883	UMLS:C3160719	0
pubchem.compound:49831411	UMLS:C0587246	0
pubchem.compound:5353622	UMLS:C0038506	0
pubchem.compound:24771867	UMLS:C2874188	0
CHEMBL:CHEMBL1201421	UMLS:C0472792	0
pubchem.compound:160355	UMLS:C3151303	0
pubchem.compound:135476717	UMLS:C4551985	0
pubchem.compound:11683556	UMLS:C4310656	0
CHEMBL:CHEMBL4594331	UMLS:C0546264	0
pubchem.compound:115237	UMLS:C4302893	0
pubchem.compound:13109	UMLS:C1563709	0
pubchem.compound:145948323	UMLS:C0027059	0
pubchem.compound:3354	UMLS:C5193041	0
pubchem.compound:208902	UMLS:C0036529	0
pubchem.compound:11671467	UMLS:C0546127	0
pubchem.compound:14675	UMLS:C0030246	0
pubchem.compound:21826	UMLS:C0158252	0
pubchem.compound:166589	UMLS:C0023896	0
CHEMBL:CHEMBL2109467	UMLS:C0003742	0
pubchem.compound:6451149	UMLS:C1861456	0
pubchem.compound:21800	UMLS:C2200127	0
pubchem.compound:156391	UMLS:C0751753	0
CHEMBL:CHEMBL2109430	UMLS:C0011860	0
CHEMBL:CHEMBL1201419	UMLS:C2932678	0
CHEMBL:CHEMBL2109092	UMLS:C1837873	0
pubchem.compound:9936746	UMLS:C0344688	0
pubchem.compound:16204922	UMLS:C0085584	0
pubchem.compound:6420057	UMLS:C1840379	0
pubchem.compound:54670351	UMLS:C1275808	0
pubchem.compound:5361	UMLS:C0022716	0
CHEMBL:CHEMBL4297163	UMLS:C4708599	0
CHEMBL:CHEMBL1201574	UMLS:C1857775	0
pubchem.compound:9853053	UMLS:C0242488	0
pubchem.compound:91971505	UMLS:C5680095	0
pubchem.compound:146571	UMLS:C0341106	0
pubchem.compound:3559	UMLS:C3280790	0
CHEMBL:CHEMBL2109330	UMLS:C1841837	0
CHEMBL:CHEMBL2108955	UMLS:C0009363	0
pubchem.compound:4917	UMLS:C0281267	0
pubchem.compound:9971980	UMLS:C0678222	0
pubchem.compound:5359318	UMLS:C0009691	0
CHEMBL:CHEMBL414357	UMLS:C4225217	0
CHEMBL:CHEMBL2108426	UMLS:C0339985	0
CHEMBL:CHEMBL1743044	UMLS:C0020635	0
pubchem.compound:30751	UMLS:C0206624	0
pubchem.compound:16760425	UMLS:C0149940	0
pubchem.compound:110635	UMLS:C0445118	0
pubchem.compound:4116	UMLS:C0796204	0
pubchem.compound:51634	UMLS:C1333015	0
pubchem.compound:4616	UMLS:C0796154	0
pubchem.compound:5281104	UMLS:C0042165	0
CHEMBL:CHEMBL4297864	UMLS:C4707333	0
CHEMBL:CHEMBL289228	UMLS:C4021085	0
CHEMBL:CHEMBL4297864	UMLS:C0549622	0
CHEMBL:CHEMBL5315115	UMLS:C1853445	0
pubchem.compound:11125	UMLS:C0270611	0
pubchem.compound:135410875	UMLS:C0345049	0
pubchem.compound:2732	UMLS:C0007140	0
pubchem.compound:135449518	UMLS:C1865384	0
pubchem.compound:3394	UMLS:C0339537	0
pubchem.compound:6047	UMLS:C0268149	0
pubchem.compound:5281071	UMLS:C0017563	0
CHEMBL:CHEMBL4298089	UMLS:C5436823	0
pubchem.compound:11462174	UMLS:C0007873	0
CHEMBL:CHEMBL413	UMLS:C0751422	0
pubchem.compound:5312125	UMLS:C5543531	0
pubchem.compound:9838022	UMLS:C1853118	0
pubchem.compound:58438464	UMLS:C0037929	0
pubchem.compound:11274333	UMLS:C1843920	0
CHEMBL:CHEMBL2109103	UMLS:C4707308	0
pubchem.compound:11707110	UMLS:C0242184	0
pubchem.compound:441358	UMLS:C0272315	0
pubchem.compound:15983988	UMLS:C1849075	0
CHEMBL:CHEMBL1201509	UMLS:C3489627	0
pubchem.compound:4075	UMLS:C0027868	0
pubchem.compound:9865528	UMLS:C0026272	0
pubchem.compound:11304743	UMLS:C0751495	0
CHEMBL:CHEMBL2107857	UMLS:C0031900	0
pubchem.compound:44623998	UMLS:C0034531	0
pubchem.compound:4513	UMLS:C1843139	0
pubchem.compound:23649427	UMLS:C0451641	0
CHEMBL:CHEMBL3301587	UMLS:C3697119	0
pubchem.compound:2375	UMLS:C0043094	0
CHEMBL:CHEMBL2108581	UMLS:C0020507	0
pubchem.compound:54575456	UMLS:C0268467	0
pubchem.compound:36462	UMLS:C0019284	0
pubchem.compound:44139752	UMLS:C0027080	0
pubchem.compound:441409	UMLS:C0007786	0
CHEMBL:CHEMBL3545191	UMLS:C0399352	0
pubchem.compound:2153	UMLS:C0282577	0
CHEMBL:CHEMBL2393130	UMLS:C0035235	0
pubchem.compound:11591741	UMLS:C0264789	0
pubchem.compound:121586	UMLS:C0013069	0
pubchem.compound:4633	UMLS:C3502809	0
CHEMBL:CHEMBL2109391	UMLS:C1861863	0
pubchem.compound:5281078	UMLS:C0266642	0
pubchem.compound:123596	UMLS:C0020534	0
pubchem.compound:23652731	UMLS:C0085762	0
pubchem.compound:65825	UMLS:C4282400	0
pubchem.compound:3005572	UMLS:C0265553	0
CHEMBL:CHEMBL1201692	UMLS:C1865871	0
pubchem.compound:16130957	UMLS:C0740394	0
CHEMBL:CHEMBL2108723	UMLS:C0040997	0
pubchem.compound:71496458	UMLS:C0027726	0
pubchem.compound:5324346	UMLS:C0006111	0
pubchem.compound:31101	UMLS:C0015625	0
CHEMBL:CHEMBL2108508	UMLS:C0009404	0
pubchem.compound:5743	UMLS:C1269683	0
pubchem.compound:248	UMLS:C0086981	0
pubchem.compound:179344	UMLS:C5680452	0
CHEMBL:CHEMBL1201649	UMLS:C2751682	0
CHEMBL:CHEMBL1201539	UMLS:C1832388	0
pubchem.compound:41693	UMLS:C0152455	0
CHEMBL:CHEMBL4650518	UMLS:C3150852	0
pubchem.compound:441347	UMLS:C4510872	0
pubchem.compound:4616	UMLS:C1879286	0
pubchem.compound:443939	UMLS:C4021762	0
pubchem.compound:54911	UMLS:C0009376	0
CHEMBL:CHEMBL3707229	UMLS:C4024965	0
CHEMBL:CHEMBL1201467	UMLS:C4510872	0
pubchem.compound:2162	UMLS:C0007097	0
pubchem.compound:38853	UMLS:C0040433	0
pubchem.compound:25151352	UMLS:C0221026	0
pubchem.compound:9838712	UMLS:C0019284	0
pubchem.compound:9886917	UMLS:C0024517	0
CHEMBL:CHEMBL1201657	UMLS:C3810107	0
CHEMBL:CHEMBL4594503	UMLS:C1837249	0
pubchem.compound:2265	UMLS:C0162834	0
CHEMBL:CHEMBL2109540	UMLS:C4225360	0
pubchem.compound:71464713	UMLS:C0004134	0
pubchem.compound:441344	UMLS:C0746102	0
pubchem.compound:123596	UMLS:C0162836	0
pubchem.compound:6253	UMLS:C0015393	0
pubchem.compound:8514	UMLS:C1837658	0
pubchem.compound:4037	UMLS:C0029131	0
pubchem.compound:3117	UMLS:C5561963	0
pubchem.compound:11243969	UMLS:C1841837	0
pubchem.compound:62770	UMLS:C0175709	0
CHEMBL:CHEMBL441738	UMLS:C1519086	0
CHEMBL:CHEMBL4650395	UMLS:C2931228	0
pubchem.compound:49806720	UMLS:C5543243	0
pubchem.compound:2216	UMLS:C1838703	0
pubchem.compound:11526696	UMLS:C0024624	0
pubchem.compound:3354	UMLS:C1834752	0
pubchem.compound:45255840	UMLS:C1840529	0
CHEMBL:CHEMBL2108738	UMLS:C0339527	0
CHEMBL:CHEMBL3545386	UMLS:C0010346	0
pubchem.compound:9955977	UMLS:C0025193	0
pubchem.compound:16533	UMLS:C4016375	0
pubchem.compound:657298	UMLS:C0018995	0
pubchem.compound:5991	UMLS:C1263846	0
CHEMBL:CHEMBL2108681	UMLS:C0006111	0
pubchem.compound:54911	UMLS:C0235032	0
pubchem.compound:60860	UMLS:C4757950	0
pubchem.compound:5281078	UMLS:C2931478	0
pubchem.compound:59227	UMLS:C0282577	0
pubchem.compound:60496	UMLS:C0022548	0
pubchem.compound:6456015	UMLS:C0004936	0
pubchem.compound:5245	UMLS:C0020615	0
pubchem.compound:43157	UMLS:C0036875	0
CHEMBL:CHEMBL3545412	UMLS:C0031099	0
pubchem.compound:66653479	UMLS:C0023860	0
pubchem.compound:446220	UMLS:C1858556	0
pubchem.compound:158781	UMLS:C3150899	0
pubchem.compound:129073603	UMLS:C3887980	0
pubchem.compound:4192	UMLS:C5394081	0
pubchem.compound:71717894	UMLS:C0477317	0
pubchem.compound:6741	UMLS:C0008043	0
pubchem.compound:151194	UMLS:C0220743	0
pubchem.compound:2160	UMLS:C0026766	0
pubchem.compound:5284443	UMLS:C2930619	0
CHEMBL:CHEMBL1428	UMLS:C0026272	0
pubchem.compound:8514	UMLS:C0007820	0
pubchem.compound:3494	UMLS:C1836916	0
pubchem.compound:9966051	UMLS:C0022568	0
pubchem.compound:5353622	UMLS:C0001925	0
pubchem.compound:2801	UMLS:C4024202	0
CHEMBL:CHEMBL2109653	UMLS:C0029595	0
pubchem.compound:439302	UMLS:C0017181	0
pubchem.compound:5356	UMLS:C0949595	0
pubchem.compound:6918305	UMLS:C1847319	0
CHEMBL:CHEMBL4594341	UMLS:C4551968	0
pubchem.compound:6918140	UMLS:C5436714	0
pubchem.compound:2083	UMLS:C5561963	0
pubchem.compound:4768	UMLS:C0546125	0
CHEMBL:CHEMBL1201610	UMLS:C0042514	0
CHEMBL:CHEMBL4594511	UMLS:C0026846	0
pubchem.compound:5365247	UMLS:C2750824	0
pubchem.compound:135398745	UMLS:C5231404	0
pubchem.compound:54677470	UMLS:C4024853	0
CHEMBL:CHEMBL1201662	UMLS:C0007758	0
CHEMBL:CHEMBL2109613	UMLS:C0311468	0
pubchem.compound:59473233	UMLS:C1843139	0
pubchem.compound:132999	UMLS:C3151139	0
pubchem.compound:65157	UMLS:C1858656	0
pubchem.compound:3883	UMLS:C0393571	0
pubchem.compound:44482554	UMLS:C2063866	0
CHEMBL:CHEMBL1743044	UMLS:C0042900	0
pubchem.compound:182137	UMLS:C0478019	0
CHEMBL:CHEMBL1201570	UMLS:C5394081	0
pubchem.compound:10184653	UMLS:C4014553	0
CHEMBL:CHEMBL1201610	UMLS:C0339526	0
pubchem.compound:90467234	UMLS:C4751111	0
pubchem.compound:9875401	UMLS:C0038644	0
pubchem.compound:23681059	UMLS:C0018799	0
pubchem.compound:3081927	UMLS:C0557874	0
pubchem.compound:5282226	UMLS:C3552553	0
pubchem.compound:148201	UMLS:C1305122	0
pubchem.compound:135409409	UMLS:C0038325	0
pubchem.compound:71717894	UMLS:C3715164	0
pubchem.compound:178024	UMLS:C4016717	0
CHEMBL:CHEMBL2109465	UMLS:C4747984	0
pubchem.compound:23642301	UMLS:C2936380	0
pubchem.compound:53241147	UMLS:C4748777	0
pubchem.compound:135398737	UMLS:C0153519	0
pubchem.compound:67517580	UMLS:C0043020	0
pubchem.compound:65264	UMLS:C4750849	0
pubchem.compound:5462351	UMLS:C4750849	0
pubchem.compound:2724118	UMLS:C5561966	0
pubchem.compound:62886	UMLS:C0338831	0
pubchem.compound:4753	UMLS:C0079773	0
pubchem.compound:66558664	UMLS:C0948089	0
pubchem.compound:92974	UMLS:C4014578	0
pubchem.compound:10133	UMLS:C5779628	0
pubchem.compound:60953	UMLS:C4551985	0
CHEMBL:CHEMBL4297723	UMLS:C1565662	0
CHEMBL:CHEMBL2109128	UMLS:C0023493	0
pubchem.compound:131679	UMLS:C4480969	0
pubchem.compound:9865515	UMLS:C0155862	0
pubchem.compound:41693	UMLS:C1835814	0
pubchem.compound:3000715	UMLS:C3808800	0
pubchem.compound:90410375	UMLS:C0455988	0
pubchem.compound:23652731	UMLS:C3553794	0
pubchem.compound:5280360	UMLS:C4225195	0
pubchem.compound:4679	UMLS:C4510744	0
pubchem.compound:6041	UMLS:C1853863	0
pubchem.compound:11450633	UMLS:C0033975	0
pubchem.compound:135449518	UMLS:C0023976	0
pubchem.compound:8730	UMLS:C2675210	0
pubchem.compound:44631912	UMLS:C0476273	0
pubchem.compound:10127622	UMLS:C3541994	0
pubchem.compound:3108	UMLS:C1853445	0
pubchem.compound:14720269	UMLS:C0236736	0
pubchem.compound:9845306	UMLS:C0042133	0
pubchem.compound:3354	UMLS:C3808494	0
CHEMBL:CHEMBL4298185	UMLS:C1840529	0
CHEMBL:CHEMBL2108678	UMLS:C0344516	0
pubchem.compound:4171	UMLS:C0752105	0
pubchem.compound:9941444	UMLS:C1836996	0
pubchem.compound:11707110	UMLS:C0678230	0
CHEMBL:CHEMBL2108184	UMLS:C0042138	0
pubchem.compound:53359	UMLS:C1832425	0
pubchem.compound:3331	UMLS:C0039538	0
CHEMBL:CHEMBL1201419	UMLS:C0018802	0
CHEMBL:CHEMBL2109433	UMLS:C4274332	0
CHEMBL:CHEMBL3833307	UMLS:C0272350	0
pubchem.compound:2333	UMLS:C3711368	0
CHEMBL:CHEMBL2393130	UMLS:C1836996	0
pubchem.compound:71464713	UMLS:C1846648	0
pubchem.compound:3559	UMLS:C3502809	0
pubchem.compound:121396	UMLS:C0002888	0
CHEMBL:CHEMBL3301587	UMLS:C0011757	0
pubchem.compound:134156377	UMLS:C1868570	0
pubchem.compound:6917964	UMLS:C0153415	0
pubchem.compound:11677589	UMLS:C0019562	0
pubchem.compound:23480	UMLS:C1861922	0
pubchem.compound:54454	UMLS:C5190707	0
pubchem.compound:175804	UMLS:C0036857	0
pubchem.compound:73417116	UMLS:C0023892	0
pubchem.compound:10288191	UMLS:C0948008	0
pubchem.compound:638793	UMLS:C1832662	0
pubchem.compound:6433095	UMLS:C0031900	0
pubchem.compound:9444	UMLS:C0025160	0
pubchem.compound:39912	UMLS:C2931228	0
pubchem.compound:4513	UMLS:C1332133	0
pubchem.compound:28620	UMLS:C0268059	0
pubchem.compound:44251769	UMLS:C1631597	0
pubchem.compound:60823	UMLS:C5543267	0
pubchem.compound:38853	UMLS:C2063866	0
pubchem.compound:9865528	UMLS:C0003123	0
pubchem.compound:11980076	UMLS:C3668822	0
CHEMBL:CHEMBL1201509	UMLS:C0344688	0
CHEMBL:CHEMBL3990011	UMLS:C0031046	0
CHEMBL:CHEMBL1743079	UMLS:C0020615	0
pubchem.compound:16158208	UMLS:C3806583	0
pubchem.compound:24821094	UMLS:C0019050	0
pubchem.compound:5281078	UMLS:C0220765	0
pubchem.compound:24889392	UMLS:C3553788	0
pubchem.compound:5408	UMLS:C0454644	0
pubchem.compound:63016	UMLS:C4305002	0
pubchem.compound:118878093	UMLS:C5393309	0
pubchem.compound:23582846	UMLS:C1850451	0
CHEMBL:CHEMBL2109573	UMLS:C3160718	0
CHEMBL:CHEMBL3989989	UMLS:C0013264	0
pubchem.compound:4601	UMLS:C0020523	0
pubchem.compound:129228	UMLS:C3553661	0
pubchem.compound:216208	UMLS:C5442191	0
pubchem.compound:11749858	UMLS:C3549845	0
pubchem.compound:3055	UMLS:C0007138	0
pubchem.compound:5362119	UMLS:C2932678	0
CHEMBL:CHEMBL2108738	UMLS:C0024305	0
pubchem.compound:5291	UMLS:C0265780	0
pubchem.compound:16759173	UMLS:C4016279	0
pubchem.compound:5494449	UMLS:C1836447	0
CHEMBL:CHEMBL289228	UMLS:C1842180	0
pubchem.compound:5310966	UMLS:C0008373	0
pubchem.compound:4195	UMLS:C0270855	0
pubchem.compound:164522	UMLS:C0206692	0
pubchem.compound:10472693	UMLS:C5681803	0
pubchem.compound:564	UMLS:C0376323	0
pubchem.compound:67330085	UMLS:C0268505	0
pubchem.compound:11372270	UMLS:C0042133	0
pubchem.compound:40973	UMLS:C5679613	0
pubchem.compound:11219835	UMLS:C0012736	0
CHEMBL:CHEMBL1201565	UMLS:C0522224	0
pubchem.compound:3676	UMLS:C0220662	0
pubchem.compound:4456	UMLS:C0027796	0
pubchem.compound:60734	UMLS:C0700501	0
CHEMBL:CHEMBL2109103	UMLS:C0027720	0
pubchem.compound:216237	UMLS:C5676973	0
pubchem.compound:4037	UMLS:C0270685	0
pubchem.compound:66558664	UMLS:C4693843	0
pubchem.compound:68727	UMLS:C1275278	0
pubchem.compound:5877	UMLS:C2315100	0
pubchem.compound:2474	UMLS:C0282193	0
pubchem.compound:31100	UMLS:C0003089	0
CHEMBL:CHEMBL1742991	UMLS:C0011991	0
CHEMBL:CHEMBL4298084	UMLS:C2751682	0
CHEMBL:CHEMBL4297830	UMLS:C0342473	0
pubchem.compound:3749	UMLS:C0409667	0
CHEMBL:CHEMBL1201550	UMLS:C0026846	0
pubchem.compound:16720766	UMLS:C2697932	0
pubchem.compound:23729157	UMLS:C0265202	0
pubchem.compound:71761627	UMLS:C0752109	0
pubchem.compound:44139752	UMLS:C2051831	0
pubchem.compound:11625818	UMLS:C2750067	0
pubchem.compound:6914273	UMLS:C0027643	0
pubchem.compound:443967	UMLS:C4760583	0
pubchem.compound:92722	UMLS:C3549845	0
pubchem.compound:5826	UMLS:C2751826	0
pubchem.compound:4449	UMLS:C1859774	0
CHEMBL:CHEMBL2109065	UMLS:C5569048	0
pubchem.compound:9808998	UMLS:C1858656	0
pubchem.compound:3678	UMLS:C4012727	0
pubchem.compound:11557040	UMLS:C3532934	0
pubchem.compound:2789	UMLS:C0342151	0
pubchem.compound:2318	UMLS:C0011881	0
CHEMBL:CHEMBL2108481	UMLS:C0752105	0
pubchem.compound:6918173	UMLS:C0005695	0
pubchem.compound:5288826	UMLS:C1142166	0
pubchem.compound:34359	UMLS:C0410528	0
CHEMBL:CHEMBL4594505	UMLS:C5193014	0
CHEMBL:CHEMBL3833320	UMLS:C4225227	0
pubchem.compound:3052776	UMLS:C0339985	0
CHEMBL:CHEMBL4297864	UMLS:C0598798	0
pubchem.compound:45138527	UMLS:C0011570	0
pubchem.compound:129228	UMLS:C0035126	0
pubchem.compound:3033825	UMLS:C5436695	0
pubchem.compound:107782	UMLS:C0036220	0
CHEMBL:CHEMBL1743081	UMLS:C1853100	0
pubchem.compound:2723601	UMLS:C0040411	0
pubchem.compound:6918456	UMLS:C0265341	0
pubchem.compound:5282379	UMLS:C5774279	0
pubchem.compound:9883933	UMLS:C0152236	0
CHEMBL:CHEMBL4594505	UMLS:C0035410	0
pubchem.compound:46926350	UMLS:C0023467	0
pubchem.compound:67462786	UMLS:C1720824	0
pubchem.compound:644077	UMLS:C0333355	0
pubchem.compound:11526696	UMLS:C0234357	0
pubchem.compound:16923	UMLS:C4275179	0
CHEMBL:CHEMBL3545132	UMLS:C5774312	0
pubchem.compound:71602803	UMLS:C0678222	0
pubchem.compound:90420193	UMLS:C4693784	0
CHEMBL:CHEMBL3989987	UMLS:C4024936	0
pubchem.compound:46207586	UMLS:C0017668	0
pubchem.compound:65866	UMLS:C0014553	0
pubchem.compound:44251769	UMLS:C5679590	0
pubchem.compound:1549000	UMLS:C3553298	0
pubchem.compound:2733526	UMLS:C4016761	0
pubchem.compound:3826	UMLS:C0152421	0
pubchem.compound:71301	UMLS:C5680364	0
pubchem.compound:5330286	UMLS:C2931686	0
pubchem.compound:117761397	UMLS:C5680343	0
pubchem.compound:9868491	UMLS:C0021655	0
pubchem.compound:208898	UMLS:C2317073	0
pubchem.compound:118513932	UMLS:C5703292	0
pubchem.compound:36462	UMLS:C2677565	0
pubchem.compound:3005573	UMLS:C1846862	0
pubchem.compound:158781	UMLS:C4551647	0
pubchem.compound:11347535	UMLS:C3810042	0
pubchem.compound:5281071	UMLS:C3279664	0
pubchem.compound:5419	UMLS:C4025650	0
pubchem.compound:5462351	UMLS:C3489726	0
pubchem.compound:17755248	UMLS:C0349218	0
pubchem.compound:62770	UMLS:C0033687	0
CHEMBL:CHEMBL4298124	UMLS:C0949658	0
pubchem.compound:47811	UMLS:C0011053	0
pubchem.compound:4991	UMLS:C0024143	0
pubchem.compound:2583	UMLS:C3694279	0
pubchem.compound:71717200	UMLS:C1334603	0
pubchem.compound:64737	UMLS:C0268059	0
pubchem.compound:6018	UMLS:C0023267	0
pubchem.compound:118878093	UMLS:C0019196	0
pubchem.compound:644077	UMLS:C1863061	0
CHEMBL:CHEMBL2109065	UMLS:C0011156	0
CHEMBL:CHEMBL413	UMLS:C0029124	0
pubchem.compound:3038525	UMLS:C1333015	0
pubchem.compound:31100	UMLS:C4510744	0
pubchem.compound:5388983	UMLS:C0017638	0
pubchem.compound:25267009	UMLS:C5679993	0
pubchem.compound:135565166	UMLS:C0270855	0
pubchem.compound:23663962	UMLS:C0740279	0
CHEMBL:CHEMBL1201567	UMLS:C2057625	0
pubchem.compound:6918558	UMLS:C0017668	0
pubchem.compound:60753	UMLS:C0029799	0
pubchem.compound:12555	UMLS:C0206138	0
pubchem.compound:208902	UMLS:C5681165	0
pubchem.compound:4418	UMLS:C3532934	0
pubchem.compound:25067547	UMLS:C0017639	0
CHEMBL:CHEMBL3544945	UMLS:C5231513	0
pubchem.compound:3261	UMLS:C4225429	0
CHEMBL:CHEMBL4594503	UMLS:C3551954	0
CHEMBL:CHEMBL4650275	UMLS:C1836906	0
pubchem.compound:2540	UMLS:C1863616	0
pubchem.compound:21700	UMLS:C4510872	0
pubchem.compound:58438464	UMLS:C0007570	0
pubchem.compound:11315474	UMLS:C0023786	0
pubchem.compound:16923	UMLS:C4747989	0
CHEMBL:CHEMBL4297819	UMLS:C0003811	0
pubchem.compound:60853	UMLS:C2931816	0
CHEMBL:CHEMBL4297841	UMLS:C0019243	0
pubchem.compound:135398512	UMLS:C0008489	0
pubchem.compound:4449	UMLS:C4022458	0
pubchem.compound:118513932	UMLS:C5679990	0
CHEMBL:CHEMBL1201421	UMLS:C0234629	0
CHEMBL:CHEMBL1201439	UMLS:C0409495	0
CHEMBL:CHEMBL3545132	UMLS:C0024437	0
pubchem.compound:5563	UMLS:C0153108	0
pubchem.compound:25181577	UMLS:C0020619	0
pubchem.compound:50905713	UMLS:C0023976	0
CHEMBL:CHEMBL4594338	UMLS:C2675210	0
CHEMBL:CHEMBL1201468	UMLS:C0030246	0
pubchem.compound:146570	UMLS:C4014578	0
pubchem.compound:9820008	UMLS:C0859976	0
pubchem.compound:5743	UMLS:C1866558	0
pubchem.compound:11683556	UMLS:C0339573	0
pubchem.compound:26133	UMLS:C5193074	0
CHEMBL:CHEMBL1743041	UMLS:C3554517	0
pubchem.compound:444025	UMLS:C0042514	0
CHEMBL:CHEMBL1201823	UMLS:C0008519	0
pubchem.compound:3821	UMLS:C0010054	0
CHEMBL:CHEMBL2108628	UMLS:C0236663	0
pubchem.compound:36811	UMLS:C0038013	0
pubchem.compound:25126798	UMLS:C0035220	0
pubchem.compound:6509979	UMLS:C2752015	0
CHEMBL:CHEMBL1743007	UMLS:C5681844	0
pubchem.compound:439693	UMLS:C0040427	0
pubchem.compound:9852746	UMLS:C0152421	0
pubchem.compound:3081927	UMLS:C0752323	0
pubchem.compound:4768	UMLS:C0342687	0
pubchem.compound:6445540	UMLS:C0023290	0
pubchem.compound:9868491	UMLS:C5830433	0
pubchem.compound:4633	UMLS:C0015530	0
pubchem.compound:32170	UMLS:C0206736	0
pubchem.compound:9651	UMLS:C0878544	0
pubchem.compound:3033	UMLS:C1864498	0
pubchem.compound:44516822	UMLS:C5779549	0
pubchem.compound:5245	UMLS:C1868672	0
pubchem.compound:25067547	UMLS:C4722277	0
pubchem.compound:5354	UMLS:C0242343	0
CHEMBL:CHEMBL1201668	UMLS:C0037277	0
pubchem.compound:359	UMLS:C0238288	0
pubchem.compound:5152	UMLS:C0006012	0
pubchem.compound:5090	UMLS:C0857007	0
pubchem.compound:6321225	UMLS:C0393703	0
pubchem.compound:4927	UMLS:C1578917	0
pubchem.compound:5361	UMLS:C3279092	0
pubchem.compound:3002977	UMLS:C0432195	0
pubchem.compound:443872	UMLS:C0005587	0
pubchem.compound:3657	UMLS:C1851920	0
pubchem.compound:89683805	UMLS:C0376618	0
pubchem.compound:24987688	UMLS:C0887833	0
pubchem.compound:20112022	UMLS:C0026848	0
pubchem.compound:3394	UMLS:C0278701	0
pubchem.compound:9926791	UMLS:C0037926	0
pubchem.compound:2118	UMLS:C4693899	0
pubchem.compound:135564864	UMLS:C0007103	0
CHEMBL:CHEMBL2108594	UMLS:C5680365	0
pubchem.compound:359	UMLS:C0265780	0
pubchem.compound:12714644	UMLS:C0020500	0
pubchem.compound:5324346	UMLS:C1836199	0
pubchem.compound:5206	UMLS:C3146244	0
pubchem.compound:53235510	UMLS:C4707848	0
pubchem.compound:1775	UMLS:C1839546	0
CHEMBL:CHEMBL4594326	UMLS:C3552303	0
pubchem.compound:59227	UMLS:C0036220	0
pubchem.compound:134018	UMLS:C0018995	0
pubchem.compound:124081865	UMLS:C0403814	0
CHEMBL:CHEMBL4594341	UMLS:C0032914	0
CHEMBL:CHEMBL1201438	UMLS:C4539937	0
pubchem.compound:4753	UMLS:C0019243	0
pubchem.compound:4192	UMLS:C0032285	0
pubchem.compound:3114	UMLS:C0033847	0
pubchem.compound:4054	UMLS:C4021133	0
pubchem.compound:896	UMLS:C0543669	0
pubchem.compound:5494449	UMLS:C0344523	0
CHEMBL:CHEMBL4297551	UMLS:C4015235	0
pubchem.compound:5284549	UMLS:C0751895	0
CHEMBL:CHEMBL3707227	UMLS:C0153423	0
pubchem.compound:969472	UMLS:C0012716	0
CHEMBL:CHEMBL2109613	UMLS:C0008312	0
pubchem.compound:33036	UMLS:C0017920	0
CHEMBL:CHEMBL2109540	UMLS:C0002871	0
pubchem.compound:4449	UMLS:C5681803	0
pubchem.compound:11683	UMLS:C0457133	0
CHEMBL:CHEMBL2109128	UMLS:C4016375	0
CHEMBL:CHEMBL3707357	UMLS:C0376545	0
pubchem.compound:2541	UMLS:C1854310	0
pubchem.compound:11597698	UMLS:C0949664	0
pubchem.compound:11434515	UMLS:C0032914	0
pubchem.compound:896	UMLS:C4540185	0
CHEMBL:CHEMBL2109540	UMLS:C4024853	0
pubchem.compound:11256664	UMLS:C4310796	0
pubchem.compound:6918092	UMLS:C1445953	0
pubchem.compound:72165228	UMLS:C4255043	0
pubchem.compound:9930049	UMLS:C0238052	0
pubchem.compound:3016	UMLS:C0011849	0
pubchem.compound:68873	UMLS:C1335062	0
pubchem.compound:9827599	UMLS:C1858556	0
pubchem.compound:176871	UMLS:C5203670	0
pubchem.compound:5282440	UMLS:C5190809	0
pubchem.compound:121587	UMLS:C0034012	0
CHEMBL:CHEMBL2109457	UMLS:C3150343	0
pubchem.compound:9800068	UMLS:C1141890	0
CHEMBL:CHEMBL2109379	UMLS:C0014544	0
CHEMBL:CHEMBL4297770	UMLS:C3279991	0
CHEMBL:CHEMBL2109391	UMLS:C0020179	0
pubchem.compound:60823	UMLS:C0239842	0
CHEMBL:CHEMBL1743062	UMLS:C0085548	0
pubchem.compound:5388983	UMLS:C0040128	0
pubchem.compound:4195	UMLS:C0025500	0
pubchem.compound:123619	UMLS:C0080178	0
pubchem.compound:6041	UMLS:C4479476	0
pubchem.compound:5018304	UMLS:C0041696	0
pubchem.compound:23663956	UMLS:C0581391	0
pubchem.compound:11965427	UMLS:C0020456	0
CHEMBL:CHEMBL3707325	UMLS:C2678476	0
CHEMBL:CHEMBL1743048	UMLS:C2973725	0
pubchem.compound:25078429	UMLS:C3150343	0
pubchem.compound:10182969	UMLS:C0079765	0
CHEMBL:CHEMBL2107874	UMLS:C4310691	0
pubchem.compound:42611257	UMLS:C0041657	0
pubchem.compound:71680039	UMLS:C0749420	0
pubchem.compound:261004	UMLS:C0268505	0
CHEMBL:CHEMBL4297240	UMLS:C0080178	0
CHEMBL:CHEMBL3707277	UMLS:C0011991	0
pubchem.compound:4510	UMLS:C5680365	0
pubchem.compound:1986	UMLS:C0014055	0
CHEMBL:CHEMBL1743034	UMLS:C0376323	0
pubchem.compound:5281040	UMLS:C0019624	0
pubchem.compound:1983	UMLS:C0086664	0
pubchem.compound:2366	UMLS:C5700127	0
CHEMBL:CHEMBL1743073	UMLS:C0014547	0
pubchem.compound:107782	UMLS:C0020542	0
pubchem.compound:36314	UMLS:C4275067	0
pubchem.compound:9845306	UMLS:C3178805	0
pubchem.compound:9581	UMLS:C1959582	0
CHEMBL:CHEMBL2108791	UMLS:C0265004	0
pubchem.compound:11442891	UMLS:C4014408	0
pubchem.compound:10413	UMLS:C0011871	0
pubchem.compound:4636	UMLS:C0013274	0
pubchem.compound:60953	UMLS:C4707243	0
CHEMBL:CHEMBL2109540	UMLS:C3152144	0
pubchem.compound:4116	UMLS:C0853193	0
pubchem.compound:3121	UMLS:C3541471	0
pubchem.compound:10343454	UMLS:C0040592	0
pubchem.compound:44093	UMLS:C0268384	0
CHEMBL:CHEMBL289228	UMLS:C0265290	0
pubchem.compound:3520	UMLS:C4021762	0
pubchem.compound:44232546	UMLS:C4016054	0
pubchem.compound:3152	UMLS:C0027609	0
pubchem.compound:70687254	UMLS:C1445953	0
pubchem.compound:3902	UMLS:C1839928	0
CHEMBL:CHEMBL2109330	UMLS:C0221074	0
CHEMBL:CHEMBL4297792	UMLS:C0036069	0
pubchem.compound:54678486	UMLS:C1837404	0
pubchem.compound:6918289	UMLS:C3810405	0
CHEMBL:CHEMBL2108666	UMLS:C3809001	0
pubchem.compound:6918011	UMLS:C0205875	0
pubchem.compound:3672	UMLS:C3887487	0
pubchem.compound:44139752	UMLS:C0423250	0
pubchem.compound:3784	UMLS:C4020867	0
pubchem.compound:10660	UMLS:C0264490	0
pubchem.compound:9911830	UMLS:C0497406	0
pubchem.compound:9886917	UMLS:C1862841	0
CHEMBL:CHEMBL1201460	UMLS:C0002736	0
pubchem.compound:53241147	UMLS:C0751495	0
CHEMBL:CHEMBL4650469	UMLS:C0009375	0
pubchem.compound:5352062	UMLS:C3890737	0
pubchem.compound:60795	UMLS:C0039292	0
pubchem.compound:10288191	UMLS:C0004238	0
pubchem.compound:5311128	UMLS:C0543888	0
pubchem.compound:104769	UMLS:C0268579	0
pubchem.compound:5361	UMLS:C4022699	0
pubchem.compound:3005572	UMLS:C0005612	0
pubchem.compound:146570	UMLS:C4703449	0
pubchem.compound:16130957	UMLS:C2752015	0
pubchem.compound:2726	UMLS:C1853371	0
pubchem.compound:50922675	UMLS:C0751422	0
pubchem.compound:17513	UMLS:C4305275	0
pubchem.compound:11982961	UMLS:C2751826	0
pubchem.compound:9444	UMLS:C0085628	0
pubchem.compound:57469	UMLS:C0265535	0
pubchem.compound:151194	UMLS:C0175700	0
pubchem.compound:74763937	UMLS:C0027626	0
pubchem.compound:3672	UMLS:C0243057	0
pubchem.compound:3052776	UMLS:C3276096	0
pubchem.compound:46224413	UMLS:C2751898	0
pubchem.compound:5284583	UMLS:C4755257	0
pubchem.compound:16129483	UMLS:C4510367	0
CHEMBL:CHEMBL5314348	UMLS:C0153414	0
pubchem.compound:30323	UMLS:C0017636	0
pubchem.compound:41693	UMLS:C0013363	0
pubchem.compound:49831411	UMLS:C0266548	0
pubchem.compound:135566083	UMLS:C4510744	0
pubchem.compound:3036505	UMLS:C1275278	0
CHEMBL:CHEMBL2109433	UMLS:C3640024	0
pubchem.compound:148124	UMLS:C0011609	0
pubchem.compound:51349053	UMLS:C0151744	0
pubchem.compound:4054	UMLS:C2676840	0
pubchem.compound:51349053	UMLS:C0017612	0
pubchem.compound:2170	UMLS:C0432326	0
pubchem.compound:5095	UMLS:C0004114	0
pubchem.compound:145068	UMLS:C0221757	0
pubchem.compound:5311497	UMLS:C4747891	0
pubchem.compound:54911	UMLS:C4748715	0
pubchem.compound:4911	UMLS:C1848207	0
CHEMBL:CHEMBL2108313	UMLS:C0006625	0
pubchem.compound:4211	UMLS:C0037926	0
pubchem.compound:54911	UMLS:C4024936	0
pubchem.compound:636380	UMLS:C1720860	0
pubchem.compound:36462	UMLS:C1869117	0
pubchem.compound:4178	UMLS:C0027796	0
pubchem.compound:444025	UMLS:C1857574	0
CHEMBL:CHEMBL1201593	UMLS:C0238441	0
pubchem.compound:134436906	UMLS:C1847319	0
pubchem.compound:25017411	UMLS:C2748542	0
pubchem.compound:16231	UMLS:C0542519	0
pubchem.compound:156419	UMLS:C3280378	0
CHEMBL:CHEMBL3990011	UMLS:C1853118	0
pubchem.compound:2159	UMLS:C0271183	0
pubchem.compound:59473233	UMLS:C0015423	0
CHEMBL:CHEMBL1743037	UMLS:C0853193	0
pubchem.compound:118115473	UMLS:C0280803	0
pubchem.compound:2370	UMLS:C0019080	0
pubchem.compound:9870652	UMLS:C1860788	0
CHEMBL:CHEMBL136478	UMLS:C3281153	0
pubchem.compound:71717200	UMLS:C0007099	0
pubchem.compound:501391	UMLS:C1862373	0
pubchem.compound:31401	UMLS:C0035328	0
pubchem.compound:5284513	UMLS:C1527336	0
pubchem.compound:54746	UMLS:C0745048	0
pubchem.compound:8730	UMLS:C0238198	0
pubchem.compound:62978	UMLS:C5679911	0
pubchem.compound:11256664	UMLS:C0007103	0
pubchem.compound:135565678	UMLS:C3539878	0
pubchem.compound:175805	UMLS:C4225218	0
pubchem.compound:5991	UMLS:C0024232	0
pubchem.compound:5281040	UMLS:C0017636	0
pubchem.compound:185460	UMLS:C0266617	0
CHEMBL:CHEMBL1743071	UMLS:C5436712	0
CHEMBL:CHEMBL5095303	UMLS:C1853242	0
CHEMBL:CHEMBL1201825	UMLS:C0003467	0
pubchem.compound:3964	UMLS:C0031900	0
pubchem.compound:6604100	UMLS:C0220697	0
pubchem.compound:135413538	UMLS:C0344975	0
pubchem.compound:3494	UMLS:C0796204	0
pubchem.compound:4906	UMLS:C1850318	0
pubchem.compound:171359946	UMLS:C0017563	0
pubchem.compound:46184405	UMLS:C4225195	0
pubchem.compound:54911	UMLS:C0017639	0
pubchem.compound:4543	UMLS:C0029607	0
pubchem.compound:216237	UMLS:C0003469	0
CHEMBL:CHEMBL2107874	UMLS:C0010036	0
pubchem.compound:9865528	UMLS:C1305122	0
pubchem.compound:71464713	UMLS:C0029792	0
pubchem.compound:53359	UMLS:C1854449	0
pubchem.compound:25074470	UMLS:C0393703	0
pubchem.compound:160355	UMLS:C4757950	0
pubchem.compound:11274333	UMLS:C5676963	0
pubchem.compound:25067547	UMLS:C0796004	0
CHEMBL:CHEMBL4297809	UMLS:C0010072	0
CHEMBL:CHEMBL2108581	UMLS:C0153493	0
pubchem.compound:21826	UMLS:C0265004	0
CHEMBL:CHEMBL2109540	UMLS:C0027092	0
CHEMBL:CHEMBL2108791	UMLS:C0242422	0
pubchem.compound:38101	UMLS:C0029771	0
pubchem.compound:110635	UMLS:C3809665	0
pubchem.compound:4211	UMLS:C1968843	0
pubchem.compound:4513	UMLS:C1862382	0
pubchem.compound:216326	UMLS:C1837397	0
pubchem.compound:104850	UMLS:C0017168	0
pubchem.compound:9831643	UMLS:C4284414	0
pubchem.compound:9782	UMLS:C5396362	0
pubchem.compound:62887	UMLS:C0272199	0
CHEMBL:CHEMBL2108723	UMLS:C0004135	0
pubchem.compound:5360515	UMLS:C0009782	0
pubchem.compound:5281004	UMLS:C0079758	0
pubchem.compound:52911611	UMLS:C0011854	0
pubchem.compound:15606394	UMLS:C0752351	0
CHEMBL:CHEMBL4297728	UMLS:C4551501	0
pubchem.compound:11347535	UMLS:C0393814	0
CHEMBL:CHEMBL2108594	UMLS:C0399352	0
pubchem.compound:3078519	UMLS:C1840529	0
pubchem.compound:4054	UMLS:C4049090	0
CHEMBL:CHEMBL1743082	UMLS:C4016716	0
pubchem.compound:11431811	UMLS:C1843075	0
pubchem.compound:135413536	UMLS:C4551720	0
CHEMBL:CHEMBL1201668	UMLS:C4540131	0
pubchem.compound:2519	UMLS:C0022797	0
pubchem.compound:3397	UMLS:C0270850	0
pubchem.compound:3345	UMLS:C0236811	0
pubchem.compound:216210	UMLS:C0037268	0
CHEMBL:CHEMBL1201834	UMLS:C0031485	0
pubchem.compound:153994	UMLS:C5393309	0
CHEMBL:CHEMBL1743058	UMLS:C0027707	0
pubchem.compound:17755248	UMLS:C0375359	0
pubchem.compound:5909	UMLS:C0344724	0
pubchem.compound:2333	UMLS:C0266642	0
pubchem.compound:16351	UMLS:C0027672	0
pubchem.compound:55245	UMLS:C1842870	0
pubchem.compound:3410	UMLS:C0012236	0
CHEMBL:CHEMBL4594573	UMLS:C1855457	0
pubchem.compound:9903970	UMLS:C0021390	0
pubchem.compound:3348	UMLS:C0020443	0
pubchem.compound:9875401	UMLS:C4551506	0
pubchem.compound:151194	UMLS:C0029445	0
CHEMBL:CHEMBL4650476	UMLS:C0021841	0
pubchem.compound:65999	UMLS:C1304242	0
pubchem.compound:9926832	UMLS:C0027066	0
CHEMBL:CHEMBL2107857	UMLS:C5779548	0
pubchem.compound:50992434	UMLS:C0002395	0
CHEMBL:CHEMBL3707325	UMLS:C0598798	0
pubchem.compound:2712	UMLS:C4225304	0
pubchem.compound:2540	UMLS:C1631597	0
CHEMBL:CHEMBL2108791	UMLS:C1337013	0
CHEMBL:CHEMBL1201467	UMLS:C0029595	0
pubchem.compound:39912	UMLS:C0151904	0
pubchem.compound:636403	UMLS:C0342154	0
CHEMBL:CHEMBL3545132	UMLS:C1321551	0
pubchem.compound:3156	UMLS:C3810089	0
pubchem.compound:3356	UMLS:C0017636	0
pubchem.compound:4211	UMLS:C5435656	0
pubchem.compound:5282181	UMLS:C0154088	0
pubchem.compound:447715	UMLS:C1956346	0
CHEMBL:CHEMBL4297864	UMLS:C4540131	0
pubchem.compound:115237	UMLS:C1862839	0
CHEMBL:CHEMBL1201827	UMLS:C3714534	0
pubchem.compound:135564864	UMLS:C3808145	0
pubchem.compound:5906	UMLS:C5686324	0
pubchem.compound:74763937	UMLS:C0001815	0
pubchem.compound:54678486	UMLS:C4693941	0
pubchem.compound:24970412	UMLS:C3151189	0
pubchem.compound:71731823	UMLS:C5231558	0
pubchem.compound:189821	UMLS:C1321551	0
CHEMBL:CHEMBL2108681	UMLS:C0264774	0
CHEMBL:CHEMBL1201833	UMLS:C1969053	0
pubchem.compound:2662	UMLS:C0001430	0
pubchem.compound:44564108	UMLS:C0027661	0
pubchem.compound:6918011	UMLS:C0035334	0
pubchem.compound:9804938	UMLS:C0037997	0
CHEMBL:CHEMBL4298176	UMLS:C4025360	0
pubchem.compound:6436	UMLS:C4049004	0
CHEMBL:CHEMBL1201580	UMLS:C0279628	0
pubchem.compound:34359	UMLS:C0220669	0
pubchem.compound:23663403	UMLS:C1848207	0
pubchem.compound:59227	UMLS:C0020255	0
pubchem.compound:71602803	UMLS:C3554224	0
pubchem.compound:46184405	UMLS:C0022340	0
pubchem.compound:3749	UMLS:C0751383	0
pubchem.compound:11683556	UMLS:C1865304	0
pubchem.compound:86290953	UMLS:C0344730	0
pubchem.compound:5745	UMLS:C0021843	0
pubchem.compound:92337	UMLS:C4751111	0
pubchem.compound:6279	UMLS:C0019372	0
CHEMBL:CHEMBL2108568	UMLS:C3489728	0
CHEMBL:CHEMBL1743026	UMLS:C4721436	0
pubchem.compound:121586	UMLS:C0685889	0
CHEMBL:CHEMBL1201560	UMLS:C0043202	0
CHEMBL:CHEMBL1201575	UMLS:C1862839	0
pubchem.compound:5391	UMLS:C0003811	0
pubchem.compound:2789	UMLS:C0376323	0
CHEMBL:CHEMBL4650509	UMLS:C4014578	0
pubchem.compound:5284569	UMLS:C3810363	0
pubchem.compound:3121	UMLS:C2676042	0
pubchem.compound:8514	UMLS:C1408182	0
pubchem.compound:6918638	UMLS:C3276036	0
pubchem.compound:126565	UMLS:C5680095	0
CHEMBL:CHEMBL1201581	UMLS:C1850318	0
pubchem.compound:126565	UMLS:C0023772	0
pubchem.compound:2724118	UMLS:C0042133	0
pubchem.compound:4485	UMLS:C0242342	0
pubchem.compound:644241	UMLS:C0376628	0
pubchem.compound:33624	UMLS:C3150852	0
pubchem.compound:441336	UMLS:C0042384	0
CHEMBL:CHEMBL4594242	UMLS:C1842581	0
pubchem.compound:644241	UMLS:C1837229	0
CHEMBL:CHEMBL1743070	UMLS:C0153108	0
pubchem.compound:21826	UMLS:C0017639	0
pubchem.compound:5282451	UMLS:C5437588	0
pubchem.compound:9832447	UMLS:C0270763	0
pubchem.compound:68289010	UMLS:C0042963	0
pubchem.compound:6014	UMLS:C4707333	0
pubchem.compound:60853	UMLS:C4310722	0
pubchem.compound:4917	UMLS:C0265535	0
pubchem.compound:26987	UMLS:C4024202	0
pubchem.compound:4922	UMLS:C0206160	0
pubchem.compound:2771	UMLS:C1854301	0
CHEMBL:CHEMBL2108184	UMLS:C4748839	0
CHEMBL:CHEMBL1201520	UMLS:C0751383	0
CHEMBL:CHEMBL1201549	UMLS:C0040034	0
pubchem.compound:6451149	UMLS:C3150705	0
pubchem.compound:9887712	UMLS:C5231424	0
pubchem.compound:3278	UMLS:C0024790	0
pubchem.compound:444036	UMLS:C0019209	0
pubchem.compound:5574	UMLS:C0003977	0
pubchem.compound:439260	UMLS:C0220993	0
pubchem.compound:68029831	UMLS:C0677607	0
pubchem.compound:4054	UMLS:C0026764	0
pubchem.compound:9838021	UMLS:C2751764	0
CHEMBL:CHEMBL1201828	UMLS:C0587371	0
pubchem.compound:27661	UMLS:C0264490	0
CHEMBL:CHEMBL4297551	UMLS:C1865304	0
pubchem.compound:11354606	UMLS:C0013238	0
CHEMBL:CHEMBL4297830	UMLS:C5551003	0
pubchem.compound:10472693	UMLS:C3552553	0
pubchem.compound:446541	UMLS:C0153422	0
pubchem.compound:4674	UMLS:C4721411	0
pubchem.compound:44595079	UMLS:C2675722	0
pubchem.compound:9811353	UMLS:C1843496	0
pubchem.compound:5330286	UMLS:C0342684	0
CHEMBL:CHEMBL5095052	UMLS:C4693367	0
CHEMBL:CHEMBL2107979	UMLS:C1847800	0
pubchem.compound:31401	UMLS:C0022658	0
CHEMBL:CHEMBL3833384	UMLS:C0041696	0
pubchem.compound:60834	UMLS:C4751003	0
pubchem.compound:449193	UMLS:C1837404	0
pubchem.compound:51039094	UMLS:C1856127	0
CHEMBL:CHEMBL2109171	UMLS:C0178417	0
pubchem.compound:3488	UMLS:C0006267	0
pubchem.compound:2520	UMLS:C0085583	0
CHEMBL:CHEMBL3833320	UMLS:C2973725	0
pubchem.compound:57389999	UMLS:C0948031	0
pubchem.compound:5487427	UMLS:C0011206	0
pubchem.compound:6741	UMLS:C0005586	0
pubchem.compound:7028	UMLS:C0854723	0
pubchem.compound:3038	UMLS:C0728829	0
CHEMBL:CHEMBL1201467	UMLS:C0025281	0
CHEMBL:CHEMBL1743019	UMLS:C2713368	0
pubchem.compound:55245	UMLS:C4748162	0
pubchem.compound:23666110	UMLS:C4016056	0
CHEMBL:CHEMBL1743081	UMLS:C0011581	0
pubchem.compound:44595079	UMLS:C0264789	0
pubchem.compound:12555	UMLS:C1849699	0
pubchem.compound:82148	UMLS:C1837260	0
pubchem.compound:62886	UMLS:C0949690	0
CHEMBL:CHEMBL1201420	UMLS:C5436505	0
CHEMBL:CHEMBL4297879	UMLS:C0027794	0
pubchem.compound:5282136	UMLS:C4551766	0
pubchem.compound:24875372	UMLS:C1859049	0
pubchem.compound:9868491	UMLS:C3552634	0
CHEMBL:CHEMBL1201605	UMLS:C0522224	0
pubchem.compound:400769	UMLS:C0266642	0
pubchem.compound:60700	UMLS:C0270855	0
CHEMBL:CHEMBL2109457	UMLS:C4552100	0
pubchem.compound:3036703	UMLS:C5394051	0
pubchem.compound:44232546	UMLS:C1835854	0
CHEMBL:CHEMBL4297240	UMLS:C0410528	0
pubchem.compound:5281040	UMLS:C5436799	0
pubchem.compound:2435	UMLS:C1800706	0
CHEMBL:CHEMBL1201821	UMLS:C4552100	0
CHEMBL:CHEMBL1201607	UMLS:C0268312	0
CHEMBL:CHEMBL4297950	UMLS:C0740394	0
pubchem.compound:4116	UMLS:C5679933	0
pubchem.compound:119182	UMLS:C0271582	0
pubchem.compound:444	UMLS:C1704429	0
pubchem.compound:447715	UMLS:C1849699	0
pubchem.compound:5360733	UMLS:C1721006	0
pubchem.compound:24889392	UMLS:C0280788	0
pubchem.compound:4091	UMLS:C4748715	0
pubchem.compound:72202474	UMLS:C5394051	0
pubchem.compound:2244	UMLS:C1527349	0
pubchem.compound:9827599	UMLS:C0340804	0
CHEMBL:CHEMBL1201561	UMLS:C0751815	0
pubchem.compound:49800010	UMLS:C0035309	0
pubchem.compound:72950888	UMLS:C3809192	0
pubchem.compound:54671203	UMLS:C0030569	0
pubchem.compound:3549980	UMLS:C0018128	0
pubchem.compound:44480399	UMLS:C0017168	0
pubchem.compound:5362124	UMLS:C1835807	0
CHEMBL:CHEMBL2107884	UMLS:C0265210	0
pubchem.compound:656665	UMLS:C5680348	0
pubchem.compound:11326715	UMLS:C4024965	0
pubchem.compound:9568614	UMLS:C4518356	0
pubchem.compound:64929	UMLS:C0028768	0
pubchem.compound:38945	UMLS:C4282400	0
pubchem.compound:11001318	UMLS:C2752007	0
pubchem.compound:71269142	UMLS:C0011860	0
CHEMBL:CHEMBL4297580	UMLS:C1833118	0
pubchem.compound:4054	UMLS:C0020450	0
pubchem.compound:4991	UMLS:C5394371	0
pubchem.compound:11431811	UMLS:C0013069	0
pubchem.compound:25181577	UMLS:C1334410	0
pubchem.compound:3784	UMLS:C3549845	0
pubchem.compound:132999	UMLS:C0020542	0
pubchem.compound:53235510	UMLS:C0752351	0
pubchem.compound:5360733	UMLS:C0039590	0
pubchem.compound:5574	UMLS:C1292774	0
pubchem.compound:62920	UMLS:C1855179	0
pubchem.compound:60835	UMLS:C0085580	0
CHEMBL:CHEMBL1743070	UMLS:C1835671	0
pubchem.compound:39765	UMLS:C0699790	0
pubchem.compound:65825	UMLS:C4016425	0
CHEMBL:CHEMBL3707277	UMLS:C0948089	0
CHEMBL:CHEMBL2108594	UMLS:C0151313	0
pubchem.compound:5282226	UMLS:C0730290	0
pubchem.compound:7028	UMLS:C0455988	0
pubchem.compound:44146842	UMLS:C4748152	0
pubchem.compound:3763	UMLS:C0158733	0
pubchem.compound:6439522	UMLS:C1704380	0
pubchem.compound:441344	UMLS:C1334698	0
pubchem.compound:16004692	UMLS:C1333990	0
pubchem.compound:11980076	UMLS:C1853863	0
pubchem.compound:71009737	UMLS:C2932714	0
pubchem.compound:4449	UMLS:C0149649	0
pubchem.compound:3000322	UMLS:C1337013	0
CHEMBL:CHEMBL1743082	UMLS:C0042900	0
pubchem.compound:16760425	UMLS:C0152427	0
pubchem.compound:18343	UMLS:C2673700	0
pubchem.compound:54454	UMLS:C0027658	0
pubchem.compound:135398744	UMLS:C0752323	0
pubchem.compound:68210102	UMLS:C0018213	0
pubchem.compound:3081927	UMLS:C3808377	0
pubchem.compound:5311027	UMLS:C0011303	0
CHEMBL:CHEMBL3039545	UMLS:C5676982	0
pubchem.compound:62857	UMLS:C3808800	0
pubchem.compound:32170	UMLS:C0266642	0
pubchem.compound:23642301	UMLS:C4015235	0
pubchem.compound:9971980	UMLS:C0153422	0
pubchem.compound:23480	UMLS:C4225348	0
pubchem.compound:2712	UMLS:C2677794	0
pubchem.compound:23582846	UMLS:C0345050	0
CHEMBL:CHEMBL2108313	UMLS:C0152459	0
pubchem.compound:135449327	UMLS:C0038131	0
pubchem.compound:6456015	UMLS:C0268059	0
pubchem.compound:23663962	UMLS:C0152419	0
pubchem.compound:31307	UMLS:C0006845	0
pubchem.compound:67171867	UMLS:C1860788	0
pubchem.compound:73355910	UMLS:C1848201	0
CHEMBL:CHEMBL3544910	UMLS:C3696898	0
CHEMBL:CHEMBL1201631	UMLS:C0028754	0
pubchem.compound:4893	UMLS:C0007398	0
CHEMBL:CHEMBL2108791	UMLS:C1864818	0
pubchem.compound:359	UMLS:C0027066	0
pubchem.compound:175805	UMLS:C5435656	0
pubchem.compound:637568	UMLS:C0011991	0
pubchem.compound:3005573	UMLS:C3178805	0
pubchem.compound:5282136	UMLS:C0034933	0
CHEMBL:CHEMBL1201831	UMLS:C0520863	0
pubchem.compound:4594	UMLS:C0036095	0
pubchem.compound:23725423	UMLS:C0021846	0
CHEMBL:CHEMBL1743043	UMLS:C0038220	0
CHEMBL:CHEMBL2007641	UMLS:C1969810	0
pubchem.compound:74763937	UMLS:C2748542	0
pubchem.compound:16760285	UMLS:C1864872	0
pubchem.compound:3696	UMLS:C5197805	0
CHEMBL:CHEMBL2109667	UMLS:C0853193	0
pubchem.compound:5282451	UMLS:C0030319	0
CHEMBL:CHEMBL1743081	UMLS:C0751688	0
pubchem.compound:9581	UMLS:C0155020	0
pubchem.compound:5282379	UMLS:C1844376	0
pubchem.compound:3002977	UMLS:C0271183	0
pubchem.compound:400769	UMLS:C1857025	0
CHEMBL:CHEMBL1201571	UMLS:C1720860	0
pubchem.compound:25078429	UMLS:C1840379	0
pubchem.compound:23729157	UMLS:C0010324	0
CHEMBL:CHEMBL4297879	UMLS:C0152236	0
CHEMBL:CHEMBL1201564	UMLS:C0024530	0
pubchem.compound:138713709	UMLS:C4015235	0
CHEMBL:CHEMBL1743026	UMLS:C0221757	0
pubchem.compound:11354606	UMLS:C4748777	0
CHEMBL:CHEMBL2108185	UMLS:C1845026	0
pubchem.compound:5362124	UMLS:C2750027	0
pubchem.compound:15983988	UMLS:C4551910	0
pubchem.compound:443967	UMLS:C4316903	0
CHEMBL:CHEMBL414357	UMLS:C1853118	0
pubchem.compound:53486179	UMLS:C5393309	0
pubchem.compound:9955977	UMLS:C0014175	0
pubchem.compound:60852	UMLS:C0001916	0
pubchem.compound:49831257	UMLS:C0018781	0
pubchem.compound:2520	UMLS:C5436576	0
pubchem.compound:59634741	UMLS:C0029124	0
CHEMBL:CHEMBL2107979	UMLS:C5193074	0
pubchem.compound:3672	UMLS:C4016375	0
pubchem.compound:261004	UMLS:C1332133	0
pubchem.compound:13770	UMLS:C0035300	0
pubchem.compound:178024	UMLS:C1836830	0
pubchem.compound:5918	UMLS:C0031106	0
pubchem.compound:5280723	UMLS:C3809192	0
pubchem.compound:44623998	UMLS:C0155015	0
pubchem.compound:10184665	UMLS:C1847626	0
CHEMBL:CHEMBL2364655	UMLS:C0019372	0
pubchem.compound:10311306	UMLS:C1861689	0
pubchem.compound:11354606	UMLS:C0036982	0
CHEMBL:CHEMBL1201571	UMLS:C0587246	0
CHEMBL:CHEMBL4650299	UMLS:C0152421	0
CHEMBL:CHEMBL1743071	UMLS:C5681246	0
pubchem.compound:5361	UMLS:C0265275	0
CHEMBL:CHEMBL2109433	UMLS:C1854310	0
pubchem.compound:501391	UMLS:C4016819	0
pubchem.compound:72202474	UMLS:C1865384	0
pubchem.compound:4740	UMLS:C4747891	0
pubchem.compound:2130	UMLS:C1856121	0
pubchem.compound:135400182	UMLS:C1832702	0
pubchem.compound:2369	UMLS:C0079731	0
CHEMBL:CHEMBL1201561	UMLS:C2750850	0
CHEMBL:CHEMBL1201581	UMLS:C0017551	0
pubchem.compound:5361918	UMLS:C4025650	0
pubchem.compound:68727	UMLS:C0477360	0
pubchem.compound:4917	UMLS:C1332338	0
CHEMBL:CHEMBL2108345	UMLS:C4511672	0
pubchem.compound:406563	UMLS:C0345447	0
pubchem.compound:23652731	UMLS:C0002896	0
pubchem.compound:4075	UMLS:C1863616	0
pubchem.compound:6014	UMLS:C0334265	0
pubchem.compound:68740	UMLS:C1333015	0
pubchem.compound:5865	UMLS:C0013423	0
pubchem.compound:16203739	UMLS:C4748777	0
pubchem.compound:130904	UMLS:C2973725	0
pubchem.compound:30323	UMLS:C4049090	0
pubchem.compound:216239	UMLS:C0344925	0
pubchem.compound:3005573	UMLS:C3463824	0
pubchem.compound:39042	UMLS:C1321551	0
pubchem.compound:3397	UMLS:C0028043	0
pubchem.compound:2519	UMLS:C4329780	0
CHEMBL:CHEMBL3545262	UMLS:C0268483	0
pubchem.compound:208902	UMLS:C5680508	0
pubchem.compound:92722	UMLS:C4255043	0
pubchem.compound:6604100	UMLS:C0026846	0
pubchem.compound:6436	UMLS:C0042373	0
pubchem.compound:130881	UMLS:C5543526	0
pubchem.compound:9810532	UMLS:C3281191	0
pubchem.compound:2431	UMLS:C0024141	0
pubchem.compound:25074470	UMLS:C0206711	0
pubchem.compound:5311067	UMLS:C3697119	0
pubchem.compound:3078519	UMLS:C0025322	0
pubchem.compound:5282451	UMLS:C4551985	0
pubchem.compound:46209133	UMLS:C1262477	0
pubchem.compound:39186	UMLS:C0022548	0
pubchem.compound:86567195	UMLS:C0032197	0
pubchem.compound:182137	UMLS:C0338106	0
CHEMBL:CHEMBL2108278	UMLS:C0410422	0
pubchem.compound:135409453	UMLS:C3178805	0
pubchem.compound:148195	UMLS:C5436476	0
pubchem.compound:5282440	UMLS:C5444223	0
pubchem.compound:66265	UMLS:C0029445	0
CHEMBL:CHEMBL1201515	UMLS:C4479476	0
pubchem.compound:5282451	UMLS:C0020479	0
pubchem.compound:11329481	UMLS:C0005398	0
pubchem.compound:62857	UMLS:C1335062	0
pubchem.compound:9952916	UMLS:C0344432	0
CHEMBL:CHEMBL5314348	UMLS:C1846896	0
CHEMBL:CHEMBL2364652	UMLS:C0020619	0
CHEMBL:CHEMBL2109128	UMLS:C0005944	0
pubchem.compound:66653479	UMLS:C2608079	0
CHEMBL:CHEMBL2108709	UMLS:C1135745	0
CHEMBL:CHEMBL4297711	UMLS:C0024433	0
pubchem.compound:5284513	UMLS:C2677770	0
pubchem.compound:58557659	UMLS:C0079583	0
CHEMBL:CHEMBL502835	UMLS:C0040433	0
CHEMBL:CHEMBL4650434	UMLS:C5190863	0
pubchem.compound:13290219	UMLS:C0001125	0
pubchem.compound:3333	UMLS:C5551003	0
pubchem.compound:5288320	UMLS:C1833590	0
CHEMBL:CHEMBL1201631	UMLS:C0272315	0
pubchem.compound:5405	UMLS:C0001973	0
pubchem.compound:1549120	UMLS:C0271093	0
pubchem.compound:67479909	UMLS:C1842462	0
pubchem.compound:2724350	UMLS:C3808377	0
CHEMBL:CHEMBL4297778	UMLS:C0340804	0
pubchem.compound:51349053	UMLS:C1862389	0
pubchem.compound:36811	UMLS:C0344432	0
pubchem.compound:4212	UMLS:C0157946	0
pubchem.compound:65359	UMLS:C0013146	0
pubchem.compound:9294	UMLS:C4284595	0
pubchem.compound:9833407	UMLS:C0029591	0
pubchem.compound:261004	UMLS:C1861862	0
CHEMBL:CHEMBL1201831	UMLS:C3502809	0
pubchem.compound:5281071	UMLS:C4225348	0
pubchem.compound:135449327	UMLS:C0521573	0
pubchem.compound:5283731	UMLS:C1857512	0
CHEMBL:CHEMBL3545386	UMLS:C5190862	0
pubchem.compound:9831643	UMLS:C0268059	0
pubchem.compound:3652	UMLS:C4748838	0
pubchem.compound:23663962	UMLS:C4016299	0
pubchem.compound:3559	UMLS:C3150899	0
CHEMBL:CHEMBL2108147	UMLS:C0035455	0
pubchem.compound:44482554	UMLS:C2874188	0
pubchem.compound:16722836	UMLS:C0162820	0
pubchem.compound:564	UMLS:C3151228	0
pubchem.compound:71731823	UMLS:C2874188	0
pubchem.compound:60165029	UMLS:C4510864	0
CHEMBL:CHEMBL4650275	UMLS:C0018965	0
pubchem.compound:446220	UMLS:C2746069	0
CHEMBL:CHEMBL2108594	UMLS:C1968949	0
pubchem.compound:11534420	UMLS:C0036982	0
pubchem.compound:135410875	UMLS:C0031149	0
pubchem.compound:5819	UMLS:C2676042	0
pubchem.compound:84003	UMLS:C3541471	0
pubchem.compound:119584	UMLS:C1847614	0
pubchem.compound:11462174	UMLS:C1861099	0
pubchem.compound:439302	UMLS:C0152101	0
pubchem.compound:11561674	UMLS:C0009460	0
pubchem.compound:11347535	UMLS:C1866558	0
pubchem.compound:5504	UMLS:C0023283	0
pubchem.compound:5284472	UMLS:C3810042	0
pubchem.compound:16102897	UMLS:C0085298	0
pubchem.compound:3657	UMLS:C0004509	0
pubchem.compound:6604100	UMLS:C5680510	0
pubchem.compound:4261	UMLS:C4275179	0
pubchem.compound:46220502	UMLS:C1853445	0
pubchem.compound:4091	UMLS:C0454542	0
pubchem.compound:9864881	UMLS:C0282631	0
CHEMBL:CHEMBL1201564	UMLS:C4707243	0
CHEMBL:CHEMBL5314551	UMLS:C0079758	0
CHEMBL:CHEMBL2109128	UMLS:C4225383	0
pubchem.compound:134436906	UMLS:C5543531	0
pubchem.compound:6918456	UMLS:C0345904	0
pubchem.compound:10158453	UMLS:C1298820	0
pubchem.compound:2284	UMLS:C0013720	0
CHEMBL:CHEMBL3989986	UMLS:C3541994	0
pubchem.compound:135409409	UMLS:C0751122	0
pubchem.compound:9930049	UMLS:C4014869	0
pubchem.compound:6323266	UMLS:C0155015	0
pubchem.compound:74763937	UMLS:C0002965	0
pubchem.compound:52938427	UMLS:C2750067	0
pubchem.compound:60795	UMLS:C0030804	0
CHEMBL:CHEMBL4297864	UMLS:C0376358	0
pubchem.compound:24875372	UMLS:C5391534	0
pubchem.compound:9820008	UMLS:C0017551	0
pubchem.compound:11750009	UMLS:C5394232	0
pubchem.compound:2284	UMLS:C0034152	0
pubchem.compound:11434515	UMLS:C1836906	0
pubchem.compound:9941444	UMLS:C0023895	0
pubchem.compound:5388962	UMLS:C0279543	0
pubchem.compound:9803828	UMLS:C4305002	0
pubchem.compound:104865	UMLS:C0221405	0
pubchem.compound:2159	UMLS:C0752332	0
pubchem.compound:62770	UMLS:C0023449	0
pubchem.compound:71811910	UMLS:C0040427	0
pubchem.compound:5281104	UMLS:C0236811	0
pubchem.compound:60606	UMLS:C3549874	0
CHEMBL:CHEMBL1743034	UMLS:C1850830	0
pubchem.compound:24821094	UMLS:C4509024	0
pubchem.compound:5356	UMLS:C0007282	0
pubchem.compound:16048656	UMLS:C0553681	0
pubchem.compound:2366	UMLS:C1561643	0
CHEMBL:CHEMBL4298092	UMLS:C0023976	0
pubchem.compound:68727	UMLS:C0010068	0
pubchem.compound:2541	UMLS:C0009319	0
pubchem.compound:6918638	UMLS:C0302592	0
pubchem.compound:24780598	UMLS:C0037019	0
pubchem.compound:9794485	UMLS:C5779548	0
pubchem.compound:11993702	UMLS:C0701163	0
pubchem.compound:5070	UMLS:C0424503	0
pubchem.compound:28620	UMLS:C4708599	0
CHEMBL:CHEMBL4298037	UMLS:C0039590	0
CHEMBL:CHEMBL3301587	UMLS:C0796182	0
pubchem.compound:25126798	UMLS:C1527349	0
pubchem.compound:34312	UMLS:C0431368	0
pubchem.compound:49831257	UMLS:C1865871	0
pubchem.compound:3002977	UMLS:C1859726	0
pubchem.compound:16725726	UMLS:C1969053	0
pubchem.compound:46216795	UMLS:C0265275	0
pubchem.compound:6918140	UMLS:C1866560	0
pubchem.compound:123631	UMLS:C0014544	0
pubchem.compound:16362	UMLS:C5680250	0
pubchem.compound:51349053	UMLS:C0751958	0
CHEMBL:CHEMBL3989986	UMLS:C5561925	0
pubchem.compound:24812758	UMLS:C0745103	0
CHEMBL:CHEMBL4297950	UMLS:C5203670	0
pubchem.compound:3055	UMLS:C1858120	0
CHEMBL:CHEMBL1428	UMLS:C1853118	0
pubchem.compound:3016	UMLS:C0025312	0
CHEMBL:CHEMBL4594334	UMLS:C3551954	0
pubchem.compound:6456015	UMLS:C2051831	0
CHEMBL:CHEMBL1742996	UMLS:C1837260	0
pubchem.compound:60199242	UMLS:C4551968	0
pubchem.compound:64737	UMLS:C0265633	0
CHEMBL:CHEMBL1201585	UMLS:C0036341	0
pubchem.compound:9810532	UMLS:C0011053	0
pubchem.compound:135413520	UMLS:C0393702	0
pubchem.compound:16720766	UMLS:C0037317	0
pubchem.compound:23635314	UMLS:C1836923	0
CHEMBL:CHEMBL2108359	UMLS:C5779825	0
pubchem.compound:3510	UMLS:C5567608	0
pubchem.compound:11315474	UMLS:C0221356	0
pubchem.compound:6918537	UMLS:C0020523	0
pubchem.compound:2333	UMLS:C1857640	0
pubchem.compound:501391	UMLS:C5436714	0
pubchem.compound:3899	UMLS:C0014556	0
pubchem.compound:54678486	UMLS:C0009404	0
CHEMBL:CHEMBL2108723	UMLS:C4225313	0
pubchem.compound:119182	UMLS:C1855304	0
pubchem.compound:2244	UMLS:C0020514	0
CHEMBL:CHEMBL3707227	UMLS:C0005967	0
CHEMBL:CHEMBL4298185	UMLS:C0004138	0
pubchem.compound:5291	UMLS:C4310691	0
CHEMBL:CHEMBL3137353	UMLS:C4748759	0
pubchem.compound:108000	UMLS:C5562075	0
pubchem.compound:54677470	UMLS:C4016279	0
pubchem.compound:175805	UMLS:C0343055	0
pubchem.compound:5462351	UMLS:C5548198	0
pubchem.compound:2724350	UMLS:C4225227	0
CHEMBL:CHEMBL5315115	UMLS:C0019243	0
pubchem.compound:21700	UMLS:C3152144	0
pubchem.compound:16961	UMLS:C3888239	0
CHEMBL:CHEMBL1743043	UMLS:C1334655	0
pubchem.compound:3261	UMLS:C0239842	0
pubchem.compound:59774	UMLS:C0005398	0
pubchem.compound:2267	UMLS:C0017601	0
CHEMBL:CHEMBL1743058	UMLS:C2931743	0
pubchem.compound:11591741	UMLS:C2243051	0
pubchem.compound:42611257	UMLS:C2931258	0
CHEMBL:CHEMBL2108078	UMLS:C0153423	0
pubchem.compound:1548943	UMLS:C0004763	0
pubchem.compound:11597698	UMLS:C4551825	0
pubchem.compound:4091	UMLS:C4225426	0
pubchem.compound:5462351	UMLS:C1845407	0
CHEMBL:CHEMBL4297537	UMLS:C1859778	0
CHEMBL:CHEMBL1201509	UMLS:C3553442	0
pubchem.compound:3827	UMLS:C4016325	0
CHEMBL:CHEMBL4297990	UMLS:C0750935	0
pubchem.compound:11557040	UMLS:C0162834	0
pubchem.compound:5526	UMLS:C4329780	0
CHEMBL:CHEMBL3545132	UMLS:C0796147	0
pubchem.compound:2474	UMLS:C0948039	0
pubchem.compound:4192	UMLS:C3887992	0
pubchem.compound:5361	UMLS:C4225207	0
pubchem.compound:10413	UMLS:C1720860	0
CHEMBL:CHEMBL4297549	UMLS:C0025294	0
pubchem.compound:60199242	UMLS:C0010054	0
pubchem.compound:30751	UMLS:C2936694	0
pubchem.compound:24889392	UMLS:C3711387	0
CHEMBL:CHEMBL4650299	UMLS:C1861355	0
pubchem.compound:67479909	UMLS:C0017185	0
pubchem.compound:2583	UMLS:C4510744	0
pubchem.compound:12714644	UMLS:C0079745	0
pubchem.compound:5735	UMLS:C0020550	0
CHEMBL:CHEMBL2109204	UMLS:C0221060	0
pubchem.compound:9811834	UMLS:C0600427	0
CHEMBL:CHEMBL2108413	UMLS:C0339143	0
pubchem.compound:13810	UMLS:C0220993	0
pubchem.compound:5282451	UMLS:C2873848	0
pubchem.compound:11125	UMLS:C0270912	0
pubchem.compound:2267	UMLS:C3160814	0
pubchem.compound:8514	UMLS:C1327918	0
pubchem.compound:68873	UMLS:C0019624	0
pubchem.compound:26133	UMLS:C0018213	0
CHEMBL:CHEMBL2108426	UMLS:C1833118	0
pubchem.compound:4740	UMLS:C5677001	0
pubchem.compound:5656	UMLS:C0020550	0
pubchem.compound:68844	UMLS:C0740394	0
pubchem.compound:439693	UMLS:C4751168	0
pubchem.compound:3052776	UMLS:C0003496	0
pubchem.compound:11962412	UMLS:C0018824	0
pubchem.compound:5281004	UMLS:C0004782	0
CHEMBL:CHEMBL1201657	UMLS:C0677776	0
pubchem.compound:11526696	UMLS:C0003460	0
pubchem.compound:23649427	UMLS:C1868679	0
pubchem.compound:65015	UMLS:C0020459	0
CHEMBL:CHEMBL3408947	UMLS:C2751898	0
pubchem.compound:5757	UMLS:C0751830	0
pubchem.compound:5462328	UMLS:C0019624	0
pubchem.compound:6014	UMLS:C4748840	0
pubchem.compound:5070	UMLS:C1853445	0
pubchem.compound:9926791	UMLS:C0004782	0
pubchem.compound:146571	UMLS:C0406723	0
pubchem.compound:657181	UMLS:C0024437	0
pubchem.compound:10672195	UMLS:C0497552	0
CHEMBL:CHEMBL2393130	UMLS:C0086468	0
pubchem.compound:5356	UMLS:C4552543	0
pubchem.compound:3000322	UMLS:C5543491	0
pubchem.compound:131679	UMLS:C3554224	0
pubchem.compound:58438464	UMLS:C1866558	0
pubchem.compound:91885457	UMLS:C2936904	0
pubchem.compound:71621331	UMLS:C1853242	0
pubchem.compound:78131177	UMLS:C4749947	0
pubchem.compound:439693	UMLS:C0017661	0
pubchem.compound:5039	UMLS:C2673700	0
pubchem.compound:6918140	UMLS:C0007099	0
pubchem.compound:53486179	UMLS:C4273747	0
pubchem.compound:9926832	UMLS:C1863061	0
pubchem.compound:3354	UMLS:C0015672	0
pubchem.compound:5757	UMLS:C0543669	0
pubchem.compound:11597698	UMLS:C4310815	0
pubchem.compound:3397	UMLS:C0019080	0
pubchem.compound:46189893	UMLS:C4746985	0
pubchem.compound:151075	UMLS:C0876994	0
pubchem.compound:9903970	UMLS:C1859727	0
pubchem.compound:4201	UMLS:C0023892	0
CHEMBL:CHEMBL4297830	UMLS:C0272350	0
pubchem.compound:16129483	UMLS:C0238062	0
pubchem.compound:3261	UMLS:C0018798	0
CHEMBL:CHEMBL2108594	UMLS:C0001306	0
pubchem.compound:9804938	UMLS:C0949658	0
pubchem.compound:4418	UMLS:C0751036	0
pubchem.compound:16204922	UMLS:C0026106	0
pubchem.compound:86294127	UMLS:C0007137	0
CHEMBL:CHEMBL2108184	UMLS:C0041408	0
pubchem.compound:444	UMLS:C1854882	0
pubchem.compound:104769	UMLS:C2874189	0
pubchem.compound:126941	UMLS:C1865869	0
pubchem.compound:5002	UMLS:C0029928	0
pubchem.compound:13810	UMLS:C0699791	0
pubchem.compound:5288320	UMLS:C4021760	0
CHEMBL:CHEMBL2109204	UMLS:C0206368	0
pubchem.compound:517326	UMLS:C1720824	0
pubchem.compound:2130	UMLS:C5548209	0
pubchem.compound:123631	UMLS:C0153421	0
pubchem.compound:5324346	UMLS:C0009806	0
pubchem.compound:107970	UMLS:C0002395	0
pubchem.compound:5206	UMLS:C0004245	0
CHEMBL:CHEMBL1201577	UMLS:C0011854	0
pubchem.compound:13791	UMLS:C0497406	0
pubchem.compound:10182969	UMLS:C0003873	0
CHEMBL:CHEMBL4594338	UMLS:C1852091	0
pubchem.compound:25017411	UMLS:C0008924	0
pubchem.compound:31401	UMLS:C0014170	0
pubchem.compound:11640390	UMLS:C0278701	0
pubchem.compound:107969	UMLS:C2932678	0
pubchem.compound:439260	UMLS:C0206736	0
pubchem.compound:82148	UMLS:C4282400	0
pubchem.compound:216235	UMLS:C5554235	0
pubchem.compound:86290953	UMLS:C0001306	0
pubchem.compound:9871419	UMLS:C0036572	0
pubchem.compound:11304743	UMLS:C0265338	0
pubchem.compound:16158208	UMLS:C4747984	0
pubchem.compound:9811834	UMLS:C0406723	0
pubchem.compound:62920	UMLS:C0264774	0
CHEMBL:CHEMBL4650509	UMLS:C0015967	0
CHEMBL:CHEMBL191	UMLS:C0796154	0
pubchem.compound:86707828	UMLS:C0221480	0
pubchem.compound:8514	UMLS:C1852767	0
pubchem.compound:131679	UMLS:C5676881	0
pubchem.compound:28620	UMLS:C0556385	0
CHEMBL:CHEMBL1237023	UMLS:C0346153	0
pubchem.compound:44126305	UMLS:C0001768	0
pubchem.compound:444036	UMLS:C1837008	0
pubchem.compound:123631	UMLS:C0751748	0
CHEMBL:CHEMBL2007641	UMLS:C0024141	0
CHEMBL:CHEMBL4650518	UMLS:C1857811	0
pubchem.compound:135565923	UMLS:C0265633	0
pubchem.compound:129073603	UMLS:C1842060	0
pubchem.compound:11285002	UMLS:C0153491	0
pubchem.compound:11672602	UMLS:C0009080	0
CHEMBL:CHEMBL121	UMLS:C0009460	0
pubchem.compound:6914273	UMLS:C0001175	0
pubchem.compound:5284583	UMLS:C1861923	0
pubchem.compound:6917715	UMLS:C0018798	0
pubchem.compound:72941992	UMLS:C0023493	0
pubchem.compound:6435415	UMLS:C0559470	0
pubchem.compound:30928	UMLS:C1262477	0
pubchem.compound:16204922	UMLS:C0000737	0
pubchem.compound:54454	UMLS:C0265264	0
pubchem.compound:3440	UMLS:C5680250	0
pubchem.compound:16158208	UMLS:C0024624	0
pubchem.compound:164522	UMLS:C0003977	0
pubchem.compound:6420040	UMLS:C0031485	0
CHEMBL:CHEMBL4297832	UMLS:C0079744	0
pubchem.compound:131679	UMLS:C0005818	0
pubchem.compound:9581	UMLS:C0020635	0
pubchem.compound:5288320	UMLS:C0023267	0
pubchem.compound:134823897	UMLS:C4014408	0
pubchem.compound:17513	UMLS:C0343055	0
pubchem.compound:90409366	UMLS:C0018801	0
pubchem.compound:52938427	UMLS:C4016761	0
pubchem.compound:182137	UMLS:C0158450	0
pubchem.compound:60974	UMLS:C1859778	0
pubchem.compound:5464092	UMLS:C1843496	0
pubchem.compound:5452	UMLS:C0019693	0
pubchem.compound:65359	UMLS:C0029171	0
pubchem.compound:5365247	UMLS:C5193020	0
CHEMBL:CHEMBL3833342	UMLS:C5779875	0
CHEMBL:CHEMBL2108675	UMLS:C0027059	0
pubchem.compound:5493444	UMLS:C0426790	0
pubchem.compound:6420040	UMLS:C0751830	0
pubchem.compound:4418	UMLS:C0740340	0
CHEMBL:CHEMBL2108678	UMLS:C1846707	0
CHEMBL:CHEMBL1201564	UMLS:C0017601	0
pubchem.compound:3821	UMLS:C0542519	0
pubchem.compound:68740	UMLS:C3808145	0
pubchem.compound:6436	UMLS:C4509024	0
CHEMBL:CHEMBL4650393	UMLS:C0741796	0
pubchem.compound:9794485	UMLS:C0029512	0
pubchem.compound:135398737	UMLS:C1335029	0
pubchem.compound:9903970	UMLS:C0035078	0
pubchem.compound:58438464	UMLS:C5193020	0
pubchem.compound:16725726	UMLS:C0457133	0
pubchem.compound:122662112	UMLS:C0009782	0
pubchem.compound:3478	UMLS:C0265535	0
pubchem.compound:121448788	UMLS:C0027059	0
pubchem.compound:5834	UMLS:C4512055	0
CHEMBL:CHEMBL4297566	UMLS:C0948480	0
pubchem.compound:175805	UMLS:C1847626	0
pubchem.compound:3100	UMLS:C0008312	0
pubchem.compound:24812758	UMLS:C0271093	0
pubchem.compound:126506029	UMLS:C0919532	0
pubchem.compound:681	UMLS:C4016298	0
pubchem.compound:5029	UMLS:C0079485	0
pubchem.compound:86294127	UMLS:C0031069	0
pubchem.compound:5311181	UMLS:C4760583	0
CHEMBL:CHEMBL1201497	UMLS:C0019337	0
pubchem.compound:636380	UMLS:C0023283	0
pubchem.compound:45138699	UMLS:C4273660	0
pubchem.compound:564	UMLS:C0265290	0
CHEMBL:CHEMBL1201580	UMLS:C0080178	0
pubchem.compound:6456015	UMLS:C4316903	0
pubchem.compound:3715	UMLS:C0013261	0
pubchem.compound:11597697	UMLS:C0079765	0
CHEMBL:CHEMBL4298089	UMLS:C4551602	0
pubchem.compound:11683556	UMLS:C5399977	0
pubchem.compound:3157	UMLS:C1708371	0
CHEMBL:CHEMBL2109467	UMLS:C0003460	0
pubchem.compound:337359	UMLS:C0348617	0
pubchem.compound:4369359	UMLS:C0270685	0
pubchem.compound:23635314	UMLS:C0349588	0
pubchem.compound:55182	UMLS:C0575897	0
pubchem.compound:13810	UMLS:C1858592	0
CHEMBL:CHEMBL1201649	UMLS:C0242488	0
pubchem.compound:5362376	UMLS:C4225404	0
pubchem.compound:16203739	UMLS:C1336839	0
CHEMBL:CHEMBL1201539	UMLS:C0393706	0
pubchem.compound:11962412	UMLS:C5774232	0
pubchem.compound:135449327	UMLS:C0042594	0
pubchem.compound:9803828	UMLS:C2751898	0
pubchem.compound:11525740	UMLS:C0272199	0
pubchem.compound:5281078	UMLS:C4310818	0
pubchem.compound:5280795	UMLS:C1720958	0
pubchem.compound:3005572	UMLS:C3160814	0
CHEMBL:CHEMBL1201539	UMLS:C0338106	0
pubchem.compound:60835	UMLS:C4310764	0
CHEMBL:CHEMBL1201576	UMLS:C4545043	0
pubchem.compound:25126798	UMLS:C0005695	0
pubchem.compound:9911830	UMLS:C0024796	0
pubchem.compound:5401	UMLS:C5779548	0
pubchem.compound:56801	UMLS:C5436695	0
pubchem.compound:636380	UMLS:C1858050	0
pubchem.compound:46883536	UMLS:C0041955	0
CHEMBL:CHEMBL2109072	UMLS:C5679932	0
pubchem.compound:60838	UMLS:C2973725	0
CHEMBL:CHEMBL1201509	UMLS:C5680452	0
pubchem.compound:86764535	UMLS:C2932714	0
pubchem.compound:9280	UMLS:C0020459	0
pubchem.compound:148201	UMLS:C1861537	0
pubchem.compound:119584	UMLS:C3150973	0
CHEMBL:CHEMBL4297843	UMLS:C0040128	0
CHEMBL:CHEMBL4297770	UMLS:C0004245	0
CHEMBL:CHEMBL2108184	UMLS:C0025568	0
pubchem.compound:9865528	UMLS:C0036095	0
pubchem.compound:65999	UMLS:C0264774	0
CHEMBL:CHEMBL1201576	UMLS:C0472792	0
pubchem.compound:11672602	UMLS:C0029401	0
pubchem.compound:2541	UMLS:C0393588	0
pubchem.compound:4020	UMLS:C1859728	0
pubchem.compound:16133812	UMLS:C4302893	0
pubchem.compound:157313	UMLS:C0019196	0
pubchem.compound:6918173	UMLS:C2750246	0
pubchem.compound:62770	UMLS:C0025500	0
pubchem.compound:50992434	UMLS:C2931258	0
pubchem.compound:23725625	UMLS:C0003838	0
pubchem.compound:145948323	UMLS:C0162674	0
pubchem.compound:9911830	UMLS:C5779776	0
pubchem.compound:118161062	UMLS:C0038273	0
CHEMBL:CHEMBL832	UMLS:C5191005	0
pubchem.compound:89594	UMLS:C0017639	0
pubchem.compound:10413	UMLS:C2931816	0
pubchem.compound:9433	UMLS:C0037769	0
pubchem.compound:12947	UMLS:C0339985	0
pubchem.compound:11547499	UMLS:C3553788	0
pubchem.compound:40973	UMLS:C0024115	0
pubchem.compound:10236037	UMLS:C0024894	0
CHEMBL:CHEMBL4297950	UMLS:C3151228	0
pubchem.compound:5284513	UMLS:C5680365	0
pubchem.compound:5994	UMLS:C0751122	0
CHEMBL:CHEMBL4297887	UMLS:C0024796	0
pubchem.compound:5288826	UMLS:C0155626	0
CHEMBL:CHEMBL1201831	UMLS:C2931498	0
pubchem.compound:445643	UMLS:C1843884	0
pubchem.compound:130904	UMLS:C3280215	0
pubchem.compound:4912	UMLS:C0018944	0
pubchem.compound:44126305	UMLS:C0017668	0
pubchem.compound:60835	UMLS:C1844020	0
pubchem.compound:3157	UMLS:C1135747	0
CHEMBL:CHEMBL1201419	UMLS:C3552311	0
pubchem.compound:6914273	UMLS:C0078917	0
pubchem.compound:3826	UMLS:C0270855	0
pubchem.compound:71496458	UMLS:C4747984	0
pubchem.compound:11167602	UMLS:C3150968	0
CHEMBL:CHEMBL1201419	UMLS:C0574080	0
CHEMBL:CHEMBL4594341	UMLS:C0221357	0
CHEMBL:CHEMBL2108583	UMLS:C2931367	0
pubchem.compound:135413547	UMLS:C3554224	0
CHEMBL:CHEMBL3137353	UMLS:C1863732	0
pubchem.compound:6047	UMLS:C0025958	0
pubchem.compound:1548943	UMLS:C0010964	0
pubchem.compound:72734520	UMLS:C0158450	0
CHEMBL:CHEMBL1201833	UMLS:C0426970	0
pubchem.compound:54678486	UMLS:C3809888	0
CHEMBL:CHEMBL1237023	UMLS:C0206692	0
CHEMBL:CHEMBL2108078	UMLS:C1844820	0
pubchem.compound:2381	UMLS:C2910340	0
pubchem.compound:23663870	UMLS:C0162770	0
pubchem.compound:72165228	UMLS:C0878676	0
CHEMBL:CHEMBL5095052	UMLS:C1970859	0
pubchem.compound:3784	UMLS:C0392525	0
pubchem.compound:57363	UMLS:C3150343	0
CHEMBL:CHEMBL3545386	UMLS:C0011615	0
pubchem.compound:9581	UMLS:C3541518	0
pubchem.compound:6279	UMLS:C3890737	0
pubchem.compound:11993702	UMLS:C0015306	0
pubchem.compound:10133	UMLS:C0235820	0
pubchem.compound:60835	UMLS:C0445118	0
pubchem.compound:24780598	UMLS:C1859049	0
CHEMBL:CHEMBL2108611	UMLS:C3554398	0
pubchem.compound:71621331	UMLS:C0037773	0
pubchem.compound:46883536	UMLS:C0400966	0
pubchem.compound:16052011	UMLS:C0750442	0
pubchem.compound:3386	UMLS:C4310728	0
CHEMBL:CHEMBL4297879	UMLS:C2931662	0
pubchem.compound:216239	UMLS:C0150055	0
pubchem.compound:134780	UMLS:C5567608	0
pubchem.compound:5070	UMLS:C0478019	0
pubchem.compound:68617	UMLS:C4757950	0
CHEMBL:CHEMBL1201571	UMLS:C0149871	0
pubchem.compound:443872	UMLS:C0032460	0
pubchem.compound:2754	UMLS:C1861866	0
pubchem.compound:171359946	UMLS:C3151139	0
pubchem.compound:3883	UMLS:C0524620	0
CHEMBL:CHEMBL1201833	UMLS:C0521573	0
CHEMBL:CHEMBL1742982	UMLS:C0085215	0
pubchem.compound:24775005	UMLS:C0021361	0
pubchem.compound:2583	UMLS:C0344730	0
pubchem.compound:24847757	UMLS:C0026837	0
pubchem.compound:42890	UMLS:C1335302	0
CHEMBL:CHEMBL1201576	UMLS:C0004930	0
CHEMBL:CHEMBL3301583	UMLS:C3553794	0
pubchem.compound:6918558	UMLS:C4016809	0
pubchem.compound:23725625	UMLS:C1834523	0
pubchem.compound:135413536	UMLS:C0859976	0
pubchem.compound:39765	UMLS:C0009952	0
pubchem.compound:4100	UMLS:C0003949	0
pubchem.compound:23724914	UMLS:C0348371	0
CHEMBL:CHEMBL1743081	UMLS:C0234162	0
pubchem.compound:159603	UMLS:C0520459	0
pubchem.compound:10236037	UMLS:C3280489	0
pubchem.compound:52911611	UMLS:C0242788	0
pubchem.compound:135410875	UMLS:C0024305	0
pubchem.compound:11519069	UMLS:C0035320	0
CHEMBL:CHEMBL3137343	UMLS:C3280094	0
CHEMBL:CHEMBL4297537	UMLS:C0036220	0
pubchem.compound:443879	UMLS:C5394081	0
pubchem.compound:135564985	UMLS:C0014836	0
pubchem.compound:60606	UMLS:C0236969	0
CHEMBL:CHEMBL2107863	UMLS:C0018781	0
pubchem.compound:65015	UMLS:C0007282	0
CHEMBL:CHEMBL4594492	UMLS:C0037773	0
pubchem.compound:11354606	UMLS:C2750413	0
CHEMBL:CHEMBL4297819	UMLS:C3495591	0
pubchem.compound:5327686	UMLS:C5574816	0
pubchem.compound:6253	UMLS:C0027059	0
pubchem.compound:564	UMLS:C0751383	0
CHEMBL:CHEMBL2364653	UMLS:C0917796	0
pubchem.compound:5991	UMLS:C1839840	0
pubchem.compound:11256664	UMLS:C0162820	0
pubchem.compound:9880	UMLS:C0011882	0
pubchem.compound:3827	UMLS:C5568766	0
CHEMBL:CHEMBL5315115	UMLS:C0345049	0
pubchem.compound:58557659	UMLS:C1845070	0
pubchem.compound:49836020	UMLS:C1842581	0
pubchem.compound:5556	UMLS:C4693831	0
pubchem.compound:5284570	UMLS:C5567608	0
CHEMBL:CHEMBL4650395	UMLS:C0242647	0
pubchem.compound:71680039	UMLS:C0012736	0
pubchem.compound:124087	UMLS:C0243026	0
pubchem.compound:9843750	UMLS:C5676881	0
pubchem.compound:148196	UMLS:C0078918	0
CHEMBL:CHEMBL1201476	UMLS:C4750849	0
pubchem.compound:153994	UMLS:C0010417	0
CHEMBL:CHEMBL4594341	UMLS:C5561926	0
pubchem.compound:156391	UMLS:C1721006	0
pubchem.compound:119584	UMLS:C0015674	0
pubchem.compound:6100	UMLS:C1862511	0
pubchem.compound:148195	UMLS:C0151905	0
pubchem.compound:6918493	UMLS:C0796147	0
pubchem.compound:6918486	UMLS:C1868672	0
CHEMBL:CHEMBL4594357	UMLS:C4225217	0
pubchem.compound:60496	UMLS:C0022660	0
pubchem.compound:16052011	UMLS:C5681246	0
pubchem.compound:71717200	UMLS:C0241910	0
pubchem.compound:16961	UMLS:C0796085	0
pubchem.compound:5493444	UMLS:C4021745	0
pubchem.compound:5070	UMLS:C1862511	0
pubchem.compound:24872560	UMLS:C5680088	0
CHEMBL:CHEMBL4594334	UMLS:C5191640	0
CHEMBL:CHEMBL3544945	UMLS:C1868672	0
pubchem.compound:5311067	UMLS:C0023418	0
pubchem.compound:129269915	UMLS:C1456784	0
pubchem.compound:24872560	UMLS:C0393593	0
pubchem.compound:444	UMLS:C0546125	0
pubchem.compound:5352062	UMLS:C4479431	0
pubchem.compound:118196485	UMLS:C0004245	0
pubchem.compound:59768	UMLS:C0265101	0
pubchem.compound:63009	UMLS:C0410528	0
pubchem.compound:10472693	UMLS:C4025576	0
pubchem.compound:5356	UMLS:C0220743	0
pubchem.compound:82146	UMLS:C0236038	0
CHEMBL:CHEMBL4297240	UMLS:C4510897	0
pubchem.compound:3763	UMLS:C4539997	0
pubchem.compound:667484	UMLS:C5203670	0
pubchem.compound:24776445	UMLS:C1847800	0
pubchem.compound:4768	UMLS:C0399373	0
pubchem.compound:65359	UMLS:C1960469	0
pubchem.compound:5741	UMLS:C0342687	0
pubchem.compound:107969	UMLS:C2677180	0
pubchem.compound:60490	UMLS:C0020255	0
pubchem.compound:5152	UMLS:C0268138	0
pubchem.compound:5339	UMLS:C4540327	0
pubchem.compound:5526	UMLS:C0007959	0
pubchem.compound:5741	UMLS:C0349204	0
pubchem.compound:15983988	UMLS:C1855466	0
pubchem.compound:11167602	UMLS:C0035334	0
pubchem.compound:16134956	UMLS:C4023342	0
pubchem.compound:42611257	UMLS:C4014918	0
pubchem.compound:5070	UMLS:C4284414	0
pubchem.compound:5311067	UMLS:C5679777	0
pubchem.compound:5311497	UMLS:C1833692	0
pubchem.compound:46209133	UMLS:C3280783	0
pubchem.compound:5312125	UMLS:C0796147	0
pubchem.compound:11285792	UMLS:C4510872	0
pubchem.compound:5734	UMLS:C0038220	0
CHEMBL:CHEMBL1201464	UMLS:C0037926	0
pubchem.compound:11519070	UMLS:C0857501	0
CHEMBL:CHEMBL4650518	UMLS:C0086438	0
pubchem.compound:4890	UMLS:C1708353	0
pubchem.compound:9931954	UMLS:C1834750	0
pubchem.compound:30323	UMLS:C4551906	0
pubchem.compound:3019	UMLS:C5680265	0
pubchem.compound:656630	UMLS:C2931121	0
pubchem.compound:82146	UMLS:C4551966	0
pubchem.compound:11749858	UMLS:C4021790	0
pubchem.compound:11338033	UMLS:C0587246	0
pubchem.compound:107952	UMLS:C0022738	0
pubchem.compound:2520	UMLS:C0024121	0
pubchem.compound:135413520	UMLS:C1854988	0
pubchem.compound:3520	UMLS:C0085547	0
pubchem.compound:11243969	UMLS:C0155862	0
pubchem.compound:11561674	UMLS:C4016266	0
CHEMBL:CHEMBL1201585	UMLS:C1856892	0
CHEMBL:CHEMBL3545159	UMLS:C0019156	0
pubchem.compound:2519	UMLS:C3489627	0
pubchem.compound:3022645	UMLS:C0020450	0
pubchem.compound:118878093	UMLS:C2752007	0
pubchem.compound:16203739	UMLS:C2931574	0
pubchem.compound:6918456	UMLS:C0221405	0
pubchem.compound:16203739	UMLS:C0038002	0
pubchem.compound:16662431	UMLS:C1854369	0
pubchem.compound:60753	UMLS:C0426817	0
pubchem.compound:3821	UMLS:C1862389	0
pubchem.compound:3410	UMLS:C0002940	0
pubchem.compound:208902	UMLS:C0162534	0
CHEMBL:CHEMBL5314348	UMLS:C1850343	0
CHEMBL:CHEMBL3039547	UMLS:C0034065	0
pubchem.compound:10288191	UMLS:C0752252	0
pubchem.compound:9865515	UMLS:C1963943	0
pubchem.compound:11526696	UMLS:C0005122	0
pubchem.compound:16130957	UMLS:C0027708	0
pubchem.compound:11749858	UMLS:C0020626	0
CHEMBL:CHEMBL4297580	UMLS:C1384666	0
pubchem.compound:71226662	UMLS:C0020534	0
pubchem.compound:6321225	UMLS:C0151878	0
pubchem.compound:5311304	UMLS:C0008313	0
CHEMBL:CHEMBL502835	UMLS:C5680365	0
pubchem.compound:3676	UMLS:C0221355	0
pubchem.compound:25017411	UMLS:C0376628	0
pubchem.compound:45101433	UMLS:C0029839	0
CHEMBL:CHEMBL4297750	UMLS:C0038358	0
pubchem.compound:90467234	UMLS:C0149940	0
CHEMBL:CHEMBL1201830	UMLS:C0007099	0
pubchem.compound:44482554	UMLS:C4751115	0
pubchem.compound:6918223	UMLS:C0024121	0
pubchem.compound:10182969	UMLS:C0030328	0
pubchem.compound:154257	UMLS:C0687120	0
pubchem.compound:5354	UMLS:C0265535	0
CHEMBL:CHEMBL4297877	UMLS:C1276035	0
pubchem.compound:92253	UMLS:C1867971	0
pubchem.compound:3033825	UMLS:C4016059	0
pubchem.compound:17755248	UMLS:C2751642	0
pubchem.compound:6918537	UMLS:C0009324	0
pubchem.compound:71602803	UMLS:C5190707	0
pubchem.compound:10184665	UMLS:C4016279	0
pubchem.compound:60165029	UMLS:C0029707	0
pubchem.compound:125017	UMLS:C0026827	0
CHEMBL:CHEMBL4297566	UMLS:C0745048	0
pubchem.compound:71301	UMLS:C0016057	0
pubchem.compound:5284512	UMLS:C0426428	0
pubchem.compound:36314	UMLS:C5554235	0
CHEMBL:CHEMBL4297990	UMLS:C5830322	0
pubchem.compound:53359	UMLS:C0393571	0
pubchem.compound:25181577	UMLS:C1843292	0
pubchem.compound:134018	UMLS:C0023267	0
pubchem.compound:219024	UMLS:C0265747	0
pubchem.compound:8730	UMLS:C5680508	0
CHEMBL:CHEMBL2109636	UMLS:C4225303	0
pubchem.compound:25067547	UMLS:C0012236	0
pubchem.compound:24987688	UMLS:C0042487	0
pubchem.compound:11450633	UMLS:C1860808	0
pubchem.compound:71226662	UMLS:C0588008	0
pubchem.compound:11597698	UMLS:C0574080	0
pubchem.compound:5281071	UMLS:C0001418	0
pubchem.compound:134823897	UMLS:C1856892	0
pubchem.compound:16923	UMLS:C0029445	0
CHEMBL:CHEMBL2109457	UMLS:C0154536	0
pubchem.compound:60961	UMLS:C0472813	0
pubchem.compound:5807	UMLS:C4016299	0
pubchem.compound:9651	UMLS:C0032226	0
pubchem.compound:135400189	UMLS:C0175700	0
CHEMBL:CHEMBL1743050	UMLS:C0019693	0
pubchem.compound:104850	UMLS:C1859722	0
pubchem.compound:62882	UMLS:C0009363	0
pubchem.compound:4456	UMLS:C0031117	0
CHEMBL:CHEMBL2108429	UMLS:C3887992	0
CHEMBL:CHEMBL1743068	UMLS:C0007134	0
CHEMBL:CHEMBL4297715	UMLS:C0162871	0
pubchem.compound:2405	UMLS:C0151904	0
pubchem.compound:5909	UMLS:C3711387	0
pubchem.compound:5834	UMLS:C0949690	0
pubchem.compound:110635	UMLS:C1859726	0
pubchem.compound:135413538	UMLS:C0860204	0
pubchem.compound:5493444	UMLS:C0079744	0
pubchem.compound:34312	UMLS:C0152013	0
CHEMBL:CHEMBL4297756	UMLS:C0024894	0
pubchem.compound:71602803	UMLS:C1858050	0
pubchem.compound:135413520	UMLS:C0948216	0
pubchem.compound:11462174	UMLS:C0006309	0
pubchem.compound:121448788	UMLS:C2931574	0
pubchem.compound:26133	UMLS:C0699791	0
pubchem.compound:10479502	UMLS:C4551968	0
pubchem.compound:54676228	UMLS:C1865866	0
pubchem.compound:47909	UMLS:C3280524	0
pubchem.compound:4890	UMLS:C0029408	0
CHEMBL:CHEMBL1201567	UMLS:C0006267	0
pubchem.compound:5282381	UMLS:C0011053	0
CHEMBL:CHEMBL1201438	UMLS:C0000737	0
pubchem.compound:4932	UMLS:C2677565	0
pubchem.compound:82153	UMLS:C5679956	0
CHEMBL:CHEMBL1201438	UMLS:C0241868	0
pubchem.compound:60749	UMLS:C5680095	0
pubchem.compound:5732	UMLS:C0034194	0
pubchem.compound:50992434	UMLS:C0162309	0
pubchem.compound:3052762	UMLS:C2750452	0
pubchem.compound:8730	UMLS:C0039483	0
pubchem.compound:16662431	UMLS:C0342276	0
pubchem.compound:23649427	UMLS:C2673630	0
pubchem.compound:24847757	UMLS:C0393814	0
pubchem.compound:11597698	UMLS:C5190597	0
pubchem.compound:3559	UMLS:C0162309	0
pubchem.compound:11462174	UMLS:C1833236	0
pubchem.compound:6450830	UMLS:C0348617	0
pubchem.compound:6230	UMLS:C1859727	0
CHEMBL:CHEMBL1201558	UMLS:C0012736	0
pubchem.compound:60953	UMLS:C4049796	0
pubchem.compound:156391	UMLS:C3714927	0
CHEMBL:CHEMBL4594492	UMLS:C5676966	0
pubchem.compound:2578	UMLS:C0265780	0
pubchem.compound:11237762	UMLS:C0158451	0
pubchem.compound:23663956	UMLS:C0344688	0
pubchem.compound:92045025	UMLS:C1970848	0
pubchem.compound:54684461	UMLS:C0023518	0
pubchem.compound:9952916	UMLS:C0158731	0
pubchem.compound:24776445	UMLS:C0011854	0
pubchem.compound:443872	UMLS:C0153493	0
pubchem.compound:9578572	UMLS:C0220765	0
pubchem.compound:44480399	UMLS:C0221480	0
pubchem.compound:54670351	UMLS:C1849348	0
pubchem.compound:444795	UMLS:C0234629	0
pubchem.compound:34312	UMLS:C0029171	0
pubchem.compound:3826	UMLS:C4225314	0
pubchem.compound:9400	UMLS:C4021133	0
pubchem.compound:9831643	UMLS:C0036996	0
CHEMBL:CHEMBL2007641	UMLS:C1860788	0
pubchem.compound:44232546	UMLS:C0005910	0
pubchem.compound:3476	UMLS:C0454542	0
pubchem.compound:51039094	UMLS:C0220993	0
CHEMBL:CHEMBL1201560	UMLS:C5830452	0
pubchem.compound:9870520	UMLS:C5679990	0
pubchem.compound:896	UMLS:C1970431	0
pubchem.compound:4054	UMLS:C3151355	0
pubchem.compound:3100	UMLS:C0002622	0
pubchem.compound:3410	UMLS:C0238052	0
pubchem.compound:5574	UMLS:C2676770	0
pubchem.compound:2083	UMLS:C0010964	0
pubchem.compound:3019	UMLS:C4748768	0
pubchem.compound:2801	UMLS:C0014544	0
CHEMBL:CHEMBL4297711	UMLS:C2750824	0
pubchem.compound:446220	UMLS:C4748827	0
pubchem.compound:5401	UMLS:C0152200	0
pubchem.compound:135449327	UMLS:C1704380	0
CHEMBL:CHEMBL4297841	UMLS:C5561986	0
CHEMBL:CHEMBL2108184	UMLS:C0338106	0
CHEMBL:CHEMBL1743070	UMLS:C0014116	0
pubchem.compound:11685945	UMLS:C0030421	0
CHEMBL:CHEMBL4298084	UMLS:C4510864	0
pubchem.compound:4768	UMLS:C0238441	0
CHEMBL:CHEMBL1201649	UMLS:C0031069	0
pubchem.compound:11399764	UMLS:C0023860	0
pubchem.compound:52938427	UMLS:C0334287	0
pubchem.compound:160355	UMLS:C0038273	0
pubchem.compound:91618104	UMLS:C0006309	0
pubchem.compound:16923	UMLS:C1836448	0
pubchem.compound:74763937	UMLS:C0086132	0
pubchem.compound:3883	UMLS:C1868120	0
pubchem.compound:60749	UMLS:C1849699	0
CHEMBL:CHEMBL2109171	UMLS:C0574080	0
CHEMBL:CHEMBL3544945	UMLS:C2237142	0
pubchem.compound:5002	UMLS:C1842581	0
pubchem.compound:23582846	UMLS:C1843156	0
pubchem.compound:67454400	UMLS:C1140680	0
pubchem.compound:25062766	UMLS:C1510502	0
pubchem.compound:9931954	UMLS:C0015456	0
pubchem.compound:10413	UMLS:C1704429	0
pubchem.compound:5284373	UMLS:C0003504	0
pubchem.compound:23663413	UMLS:C0151779	0
pubchem.compound:3151	UMLS:C0494475	0
pubchem.compound:50992434	UMLS:C1832425	0
pubchem.compound:16158208	UMLS:C4479431	0
pubchem.compound:121587	UMLS:C0752282	0
pubchem.compound:119584	UMLS:C0029131	0
pubchem.compound:10660	UMLS:C4748777	0
pubchem.compound:216237	UMLS:C5193014	0
pubchem.compound:4020	UMLS:C0017920	0
pubchem.compound:5574	UMLS:C0206639	0
pubchem.compound:9966051	UMLS:C0423109	0
CHEMBL:CHEMBL4297840	UMLS:C0149519	0
pubchem.compound:5311027	UMLS:C2936419	0
CHEMBL:CHEMBL1201692	UMLS:C0392470	0
pubchem.compound:4594	UMLS:C5680294	0
pubchem.compound:3676	UMLS:C4748840	0
pubchem.compound:6279	UMLS:C0041327	0
CHEMBL:CHEMBL3707325	UMLS:C5244016	0
CHEMBL:CHEMBL2109636	UMLS:C0033805	0
pubchem.compound:5526	UMLS:C5575702	0
pubchem.compound:9808998	UMLS:C1832978	0
pubchem.compound:60974	UMLS:C0266463	0
pubchem.compound:6918554	UMLS:C0024437	0
pubchem.compound:5311068	UMLS:C2931686	0
pubchem.compound:52938427	UMLS:C0029607	0
pubchem.compound:119570	UMLS:C0001824	0
pubchem.compound:71600085	UMLS:C0025568	0
CHEMBL:CHEMBL4650398	UMLS:C2981132	0
pubchem.compound:31703	UMLS:C0399373	0
pubchem.compound:13290219	UMLS:C0021400	0
CHEMBL:CHEMBL1743044	UMLS:C0265287	0
CHEMBL:CHEMBL4650434	UMLS:C0559260	0
pubchem.compound:5284443	UMLS:C0037274	0
CHEMBL:CHEMBL2108581	UMLS:C4707243	0
pubchem.compound:443936	UMLS:C0035353	0
CHEMBL:CHEMBL2107881	UMLS:C0014116	0
pubchem.compound:89683805	UMLS:C0574080	0
pubchem.compound:121587	UMLS:C1846038	0
pubchem.compound:5486971	UMLS:C0266642	0
pubchem.compound:9911830	UMLS:C0040427	0
pubchem.compound:123619	UMLS:C0037773	0
pubchem.compound:3168	UMLS:C0020635	0
CHEMBL:CHEMBL2108611	UMLS:C2675718	0
pubchem.compound:54746	UMLS:C1969063	0
pubchem.compound:64929	UMLS:C4015368	0
pubchem.compound:11626560	UMLS:C0023976	0
CHEMBL:CHEMBL4298209	UMLS:C5676978	0
pubchem.compound:3394	UMLS:C4551714	0
pubchem.compound:11626560	UMLS:C0027697	0
pubchem.compound:3036505	UMLS:C0023493	0
pubchem.compound:59634741	UMLS:C0026636	0
pubchem.compound:94328	UMLS:C0746102	0
pubchem.compound:51349053	UMLS:C1865871	0
pubchem.compound:3478	UMLS:C4049796	0
pubchem.compound:179344	UMLS:C1848519	0
pubchem.compound:2375	UMLS:C4281785	0
CHEMBL:CHEMBL1201566	UMLS:C3553886	0
pubchem.compound:9294	UMLS:C0149782	0
pubchem.compound:92786	UMLS:C1334603	0
pubchem.compound:90410375	UMLS:C2752072	0
pubchem.compound:6439522	UMLS:C0238463	0
pubchem.compound:3036505	UMLS:C0030421	0
CHEMBL:CHEMBL3707227	UMLS:C0175702	0
pubchem.compound:2381	UMLS:C0342381	0
pubchem.compound:4236	UMLS:C0015934	0
pubchem.compound:5910	UMLS:C0040715	0
CHEMBL:CHEMBL4298176	UMLS:C0206655	0
CHEMBL:CHEMBL3545168	UMLS:C4551488	0
pubchem.compound:51039094	UMLS:C1850343	0
pubchem.compound:62920	UMLS:C0242342	0
CHEMBL:CHEMBL1201692	UMLS:C0559470	0
pubchem.compound:89594	UMLS:C5679993	0
pubchem.compound:146570	UMLS:C0454542	0
pubchem.compound:10182969	UMLS:C2936694	0
pubchem.compound:9294	UMLS:C3279092	0
pubchem.compound:146570	UMLS:C5437588	0
pubchem.compound:2733	UMLS:C0340493	0
pubchem.compound:30668	UMLS:C0559470	0
pubchem.compound:181458	UMLS:C0006868	0
pubchem.compound:441358	UMLS:C0010246	0
pubchem.compound:5311128	UMLS:C0376323	0
pubchem.compound:451668	UMLS:C0270855	0
pubchem.compound:65999	UMLS:C0428791	0
pubchem.compound:3696	UMLS:C0026267	0
CHEMBL:CHEMBL2108738	UMLS:C0021390	0
pubchem.compound:3397	UMLS:C0153108	0
pubchem.compound:189821	UMLS:C0079924	0
pubchem.compound:24875372	UMLS:C0678230	0
pubchem.compound:156419	UMLS:C1458140	0
pubchem.compound:67517580	UMLS:C0001175	0
pubchem.compound:216237	UMLS:C1855466	0
pubchem.compound:66653479	UMLS:C0011303	0
CHEMBL:CHEMBL4594503	UMLS:C4551766	0
pubchem.compound:10343454	UMLS:C1849075	0
pubchem.compound:5206	UMLS:C0021390	0
pubchem.compound:23666110	UMLS:C0034935	0
pubchem.compound:9926832	UMLS:C5193014	0
pubchem.compound:23663991	UMLS:C0005411	0
CHEMBL:CHEMBL1201581	UMLS:C1527226	0
pubchem.compound:16760285	UMLS:C1305122	0
pubchem.compound:16533	UMLS:C0333641	0
pubchem.compound:43157	UMLS:C0037773	0
CHEMBL:CHEMBL1201520	UMLS:C1836447	0
pubchem.compound:9864881	UMLS:C0220662	0
pubchem.compound:92337	UMLS:C0546264	0
CHEMBL:CHEMBL2109171	UMLS:C0085762	0
pubchem.compound:26758	UMLS:C0338488	0
pubchem.compound:55182	UMLS:C1332219	0
pubchem.compound:45380979	UMLS:C1859727	0
CHEMBL:CHEMBL4594326	UMLS:C0086543	0
pubchem.compound:4543	UMLS:C5543334	0
pubchem.compound:13109	UMLS:C4310818	0
pubchem.compound:23663991	UMLS:C5679924	0
pubchem.compound:3386	UMLS:C0038868	0
pubchem.compound:208898	UMLS:C0019294	0
pubchem.compound:10182969	UMLS:C0752351	0
CHEMBL:CHEMBL1237022	UMLS:C2931500	0
CHEMBL:CHEMBL1201467	UMLS:C0338488	0
CHEMBL:CHEMBL1201581	UMLS:C0035410	0
pubchem.compound:5311221	UMLS:C1321551	0
pubchem.compound:5978	UMLS:C0241397	0
pubchem.compound:6918132	UMLS:C0011884	0
pubchem.compound:82153	UMLS:C0013423	0
pubchem.compound:5282181	UMLS:C1832841	0
pubchem.compound:49831411	UMLS:C0394006	0
CHEMBL:CHEMBL191	UMLS:C4551563	0
CHEMBL:CHEMBL3301587	UMLS:C0221356	0
pubchem.compound:9294	UMLS:C0034152	0
pubchem.compound:5280723	UMLS:C0426817	0
pubchem.compound:5288783	UMLS:C0234162	0
CHEMBL:CHEMBL4594331	UMLS:C0020479	0
pubchem.compound:9279	UMLS:C0264774	0
pubchem.compound:6450830	UMLS:C0035304	0
pubchem.compound:6435415	UMLS:C0868847	0
CHEMBL:CHEMBL3545386	UMLS:C0432357	0
CHEMBL:CHEMBL4297779	UMLS:C1842073	0
CHEMBL:CHEMBL1201585	UMLS:C4225195	0
pubchem.compound:10184665	UMLS:C3463992	0
pubchem.compound:25151504	UMLS:C0024507	0
pubchem.compound:11965427	UMLS:C0410528	0
pubchem.compound:5757	UMLS:C0334121	0
pubchem.compound:449171	UMLS:C2931121	0
pubchem.compound:441358	UMLS:C0019100	0
pubchem.compound:45101433	UMLS:C2676770	0
pubchem.compound:5353627	UMLS:C0002625	0
pubchem.compound:16760425	UMLS:C1849075	0
pubchem.compound:24785956	UMLS:C0155862	0
pubchem.compound:3869	UMLS:C2677504	0
CHEMBL:CHEMBL2108034	UMLS:C1846719	0
CHEMBL:CHEMBL4297537	UMLS:C0525041	0
pubchem.compound:4890	UMLS:C1853743	0
pubchem.compound:23729157	UMLS:C1842581	0
CHEMBL:CHEMBL1201834	UMLS:C0030554	0
pubchem.compound:6883	UMLS:C0393702	0
pubchem.compound:135398512	UMLS:C1837014	0
CHEMBL:CHEMBL3544910	UMLS:C0796085	0
pubchem.compound:5775	UMLS:C3241937	0
pubchem.compound:3157	UMLS:C1704375	0
pubchem.compound:82146	UMLS:C0155020	0
CHEMBL:CHEMBL595	UMLS:C4021762	0
pubchem.compound:501391	UMLS:C0162534	0
CHEMBL:CHEMBL1201605	UMLS:C1368871	0
pubchem.compound:3081927	UMLS:C1867971	0
pubchem.compound:10343454	UMLS:C0029227	0
pubchem.compound:9838712	UMLS:C0027947	0
pubchem.compound:132999	UMLS:C3266898	0
pubchem.compound:86567195	UMLS:C0020651	0
pubchem.compound:5832	UMLS:C3850148	0
pubchem.compound:44591583	UMLS:C0524582	0
pubchem.compound:2720	UMLS:C0279680	0
pubchem.compound:32169	UMLS:C0001916	0
pubchem.compound:130881	UMLS:C0027626	0
pubchem.compound:5288826	UMLS:C4025360	0
pubchem.compound:9845306	UMLS:C5830244	0
pubchem.compound:6436	UMLS:C2875058	0
pubchem.compound:157917	UMLS:C0005974	0
CHEMBL:CHEMBL4297841	UMLS:C3281191	0
pubchem.compound:657181	UMLS:C4329780	0
CHEMBL:CHEMBL2109058	UMLS:C2750078	0
pubchem.compound:439693	UMLS:C0015696	0
pubchem.compound:134823897	UMLS:C0029792	0
pubchem.compound:451668	UMLS:C3275495	0
pubchem.compound:91430	UMLS:C1304242	0
pubchem.compound:249332	UMLS:C2751898	0
CHEMBL:CHEMBL4650476	UMLS:C4281993	0
pubchem.compound:118161062	UMLS:C1510489	0
pubchem.compound:2244	UMLS:C0024894	0
pubchem.compound:6918486	UMLS:C0268397	0
pubchem.compound:23674183	UMLS:C0012715	0
pubchem.compound:134821691	UMLS:C0206656	0
pubchem.compound:9854489	UMLS:C0007786	0
CHEMBL:CHEMBL2364648	UMLS:C5676973	0
pubchem.compound:14219	UMLS:C1841837	0
pubchem.compound:10184653	UMLS:C4012268	0
pubchem.compound:71464713	UMLS:C0270549	0
pubchem.compound:51763	UMLS:C3150343	0
pubchem.compound:9833407	UMLS:C0040034	0
CHEMBL:CHEMBL1743073	UMLS:C0042963	0
pubchem.compound:47811	UMLS:C0740302	0
pubchem.compound:46209133	UMLS:C0004045	0
CHEMBL:CHEMBL1742994	UMLS:C5190706	0
pubchem.compound:158781	UMLS:C4540358	0
pubchem.compound:64150	UMLS:C0271093	0
pubchem.compound:129228	UMLS:C1260899	0
pubchem.compound:9800068	UMLS:C1968729	0
pubchem.compound:644241	UMLS:C5774312	0
pubchem.compound:9911830	UMLS:C3810380	0
pubchem.compound:4768	UMLS:C0265306	0
pubchem.compound:5361	UMLS:C0032617	0
pubchem.compound:4369359	UMLS:C0006012	0
CHEMBL:CHEMBL2109613	UMLS:C4021762	0
pubchem.compound:46216796	UMLS:C5543581	0
CHEMBL:CHEMBL1237022	UMLS:C1839839	0
CHEMBL:CHEMBL3833346	UMLS:C5197805	0
pubchem.compound:90410375	UMLS:C4551720	0
CHEMBL:CHEMBL3833373	UMLS:C5190692	0
pubchem.compound:46188928	UMLS:C1408174	0
pubchem.compound:443879	UMLS:C0149519	0
CHEMBL:CHEMBL2109391	UMLS:C4225351	0
pubchem.compound:16048656	UMLS:C0008372	0
pubchem.compound:92974	UMLS:C0278701	0
pubchem.compound:135398510	UMLS:C2673630	0
CHEMBL:CHEMBL1201574	UMLS:C2750246	0
pubchem.compound:5160	UMLS:C1836383	0
pubchem.compound:44591583	UMLS:C0018566	0
CHEMBL:CHEMBL289228	UMLS:C0031149	0
pubchem.compound:9870652	UMLS:C0020538	0
pubchem.compound:447715	UMLS:C0085090	0
pubchem.compound:9933004	UMLS:C1863052	0
pubchem.compound:5360733	UMLS:C1263846	0
pubchem.compound:126506029	UMLS:C0342881	0
pubchem.compound:3005572	UMLS:C5543267	0
pubchem.compound:121586	UMLS:C2673630	0
pubchem.compound:9400	UMLS:C3279699	0
pubchem.compound:62937	UMLS:C3280215	0
CHEMBL:CHEMBL1743026	UMLS:C0017638	0
pubchem.compound:5282411	UMLS:C0427144	0
pubchem.compound:5546	UMLS:C0392550	0
CHEMBL:CHEMBL2108675	UMLS:C1140680	0
pubchem.compound:441074	UMLS:C1839839	0
pubchem.compound:5329102	UMLS:C0015393	0
pubchem.compound:248	UMLS:C0026764	0
pubchem.compound:5281078	UMLS:C1862839	0
pubchem.compound:16130957	UMLS:C2750481	0
pubchem.compound:21800	UMLS:C4749284	0
pubchem.compound:10158453	UMLS:C4016042	0
CHEMBL:CHEMBL2108583	UMLS:C0158252	0
CHEMBL:CHEMBL4594492	UMLS:C1720861	0
pubchem.compound:6918837	UMLS:C1868571	0
pubchem.compound:16533	UMLS:C4540358	0
CHEMBL:CHEMBL2107979	UMLS:C0007781	0
pubchem.compound:5312125	UMLS:C0025149	0
CHEMBL:CHEMBL4594573	UMLS:C4748803	0
CHEMBL:CHEMBL2108131	UMLS:C4540185	0
CHEMBL:CHEMBL1743019	UMLS:C0007166	0
pubchem.compound:2541	UMLS:C3151446	0
pubchem.compound:3639	UMLS:C1299247	0
pubchem.compound:49800010	UMLS:C0008780	0
pubchem.compound:49836020	UMLS:C0427065	0
CHEMBL:CHEMBL3545159	UMLS:C0265561	0
pubchem.compound:5311	UMLS:C0085207	0
CHEMBL:CHEMBL4297711	UMLS:C0752351	0
pubchem.compound:39765	UMLS:C0010200	0
pubchem.compound:46216795	UMLS:C0472792	0
CHEMBL:CHEMBL4297819	UMLS:C5779549	0
pubchem.compound:3899	UMLS:C0037926	0
pubchem.compound:9829523	UMLS:C0149512	0
pubchem.compound:9887712	UMLS:C0008519	0
CHEMBL:CHEMBL2109457	UMLS:C0013502	0
pubchem.compound:6047	UMLS:C0017601	0
pubchem.compound:71481097	UMLS:C0231528	0
pubchem.compound:6014	UMLS:C0265220	0
CHEMBL:CHEMBL1201460	UMLS:C3151139	0
CHEMBL:CHEMBL2108131	UMLS:C0007282	0
pubchem.compound:3410	UMLS:C5231513	0
pubchem.compound:62857	UMLS:C1535926	0
pubchem.compound:11372270	UMLS:C0853193	0
pubchem.compound:44623998	UMLS:C0260662	0
pubchem.compound:145948323	UMLS:C0087012	0
pubchem.compound:46209133	UMLS:C0334121	0
pubchem.compound:9294	UMLS:C0003910	0
pubchem.compound:9051	UMLS:C4310808	0
pubchem.compound:71491931	UMLS:C0162635	0
pubchem.compound:16214875	UMLS:C2676840	0
pubchem.compound:5095	UMLS:C0006868	0
pubchem.compound:5284603	UMLS:C4757950	0
pubchem.compound:25078429	UMLS:C3808920	0
pubchem.compound:9911830	UMLS:C4021806	0
CHEMBL:CHEMBL4594316	UMLS:C1847626	0
pubchem.compound:13559281	UMLS:C3809665	0
CHEMBL:CHEMBL1201581	UMLS:C1849394	0
CHEMBL:CHEMBL3545168	UMLS:C0265213	0
pubchem.compound:24745335	UMLS:C1832702	0
pubchem.compound:44591583	UMLS:C0030328	0
pubchem.compound:3000322	UMLS:C1855340	0
pubchem.compound:67171867	UMLS:C0392470	0
pubchem.compound:135398510	UMLS:C0854795	0
pubchem.compound:38945	UMLS:C4085590	0
pubchem.compound:3827	UMLS:C3151139	0
pubchem.compound:9926832	UMLS:C1112530	0
CHEMBL:CHEMBL1201513	UMLS:C0020456	0
CHEMBL:CHEMBL1743085	UMLS:C1861355	0
pubchem.compound:4037	UMLS:C3151356	0
pubchem.compound:3494	UMLS:C0949658	0
pubchem.compound:158781	UMLS:C0233477	0
pubchem.compound:6323266	UMLS:C1847614	0
pubchem.compound:118513932	UMLS:C0029227	0
CHEMBL:CHEMBL1743079	UMLS:C0020450	0
pubchem.compound:3657	UMLS:C0393571	0
pubchem.compound:446220	UMLS:C0039292	0
CHEMBL:CHEMBL2108730	UMLS:C0340804	0
pubchem.compound:3345	UMLS:C4025276	0
pubchem.compound:135565884	UMLS:C5779549	0
CHEMBL:CHEMBL1201697	UMLS:C4022814	0
pubchem.compound:2802	UMLS:C1334655	0
CHEMBL:CHEMBL4297580	UMLS:C2698311	0
pubchem.compound:5775	UMLS:C0029574	0
pubchem.compound:54454	UMLS:C1836996	0
CHEMBL:CHEMBL2364655	UMLS:C1335060	0
pubchem.compound:121586	UMLS:C1519086	0
CHEMBL:CHEMBL2107874	UMLS:C1836727	0
CHEMBL:CHEMBL3707277	UMLS:C5193002	0
CHEMBL:CHEMBL1981592	UMLS:C0003486	0
CHEMBL:CHEMBL2108131	UMLS:C0009375	0
CHEMBL:CHEMBL3545168	UMLS:C2677180	0
CHEMBL:CHEMBL2109204	UMLS:C2985290	0
pubchem.compound:71577426	UMLS:C0751057	0
pubchem.compound:4746	UMLS:C0162671	0
pubchem.compound:10660	UMLS:C0013362	0
pubchem.compound:63009	UMLS:C1849075	0
pubchem.compound:11285792	UMLS:C4020867	0
pubchem.compound:681	UMLS:C1840379	0
pubchem.compound:23650961	UMLS:C0017185	0
pubchem.compound:6442177	UMLS:C1861922	0
CHEMBL:CHEMBL3990011	UMLS:C5561925	0
pubchem.compound:44251769	UMLS:C0678807	0
CHEMBL:CHEMBL1742991	UMLS:C4016055	0
pubchem.compound:71680039	UMLS:C0752210	0
pubchem.compound:6435415	UMLS:C0241932	0
pubchem.compound:4456	UMLS:C1858656	0
pubchem.compound:23652731	UMLS:C0149670	0
pubchem.compound:25151352	UMLS:C1845292	0
pubchem.compound:6918493	UMLS:C0027497	0
CHEMBL:CHEMBL4594357	UMLS:C0013369	0
pubchem.compound:16214875	UMLS:C2930619	0
CHEMBL:CHEMBL2108589	UMLS:C1458140	0
pubchem.compound:5311068	UMLS:C1859372	0
pubchem.compound:444	UMLS:C0020443	0
pubchem.compound:2170	UMLS:C4721891	0
CHEMBL:CHEMBL1743041	UMLS:C5676881	0
pubchem.compound:5819	UMLS:C0037274	0
pubchem.compound:441347	UMLS:C0752166	0
pubchem.compound:9936746	UMLS:C1535926	0
CHEMBL:CHEMBL4297792	UMLS:C0011991	0
pubchem.compound:9933475	UMLS:C0158731	0
CHEMBL:CHEMBL1743062	UMLS:C4748777	0
pubchem.compound:134156377	UMLS:C4479431	0
pubchem.compound:23663413	UMLS:C0243050	0
pubchem.compound:46224413	UMLS:C0268483	0
pubchem.compound:65478	UMLS:C3553843	0
pubchem.compound:4917	UMLS:C1273070	0
pubchem.compound:2802	UMLS:C0039070	0
pubchem.compound:68289010	UMLS:C0020523	0
pubchem.compound:4485	UMLS:C1332219	0
pubchem.compound:178024	UMLS:C5436769	0
pubchem.compound:2477	UMLS:C5681780	0
pubchem.compound:5284373	UMLS:C4317124	0
pubchem.compound:129211	UMLS:C1837249	0
pubchem.compound:1727	UMLS:C0013080	0
pubchem.compound:4601	UMLS:C0020295	0
pubchem.compound:32170	UMLS:C1704423	0
pubchem.compound:15951529	UMLS:C3151446	0
CHEMBL:CHEMBL4594511	UMLS:C4021726	0
pubchem.compound:6436	UMLS:C0023462	0
CHEMBL:CHEMBL1201539	UMLS:C0751958	0
pubchem.compound:119570	UMLS:C0007786	0
pubchem.compound:5282451	UMLS:C0010674	0
pubchem.compound:134129852	UMLS:C3810042	0
pubchem.compound:6914273	UMLS:C0152455	0
CHEMBL:CHEMBL1201581	UMLS:C5436695	0
pubchem.compound:73417116	UMLS:C0265610	0
pubchem.compound:5833	UMLS:C3850148	0
pubchem.compound:5826	UMLS:C4013560	0
pubchem.compound:60846	UMLS:C1257877	0
pubchem.compound:2366	UMLS:C4317043	0
pubchem.compound:13620391	UMLS:C4748081	0
pubchem.compound:249332	UMLS:C0349204	0
pubchem.compound:13791	UMLS:C4025019	0
pubchem.compound:9936746	UMLS:C0409495	0
CHEMBL:CHEMBL4297843	UMLS:C3280953	0
pubchem.compound:71226662	UMLS:C0796070	0
CHEMBL:CHEMBL2107857	UMLS:C5681165	0
pubchem.compound:5284569	UMLS:C0035455	0
pubchem.compound:3478	UMLS:C0403397	0
pubchem.compound:66265	UMLS:C0027404	0
CHEMBL:CHEMBL2108404	UMLS:C0342257	0
CHEMBL:CHEMBL4298209	UMLS:C0699790	0
pubchem.compound:13770	UMLS:C0041657	0
pubchem.compound:46216795	UMLS:C0037929	0
pubchem.compound:71226662	UMLS:C0011195	0
pubchem.compound:17755248	UMLS:C0039338	0
pubchem.compound:62920	UMLS:C0236792	0
pubchem.compound:92786	UMLS:C0221357	0
pubchem.compound:60750	UMLS:C0242788	0
pubchem.compound:65359	UMLS:C4748827	0
pubchem.compound:9578572	UMLS:C0015398	0
pubchem.compound:59768	UMLS:C0035222	0
pubchem.compound:60700	UMLS:C0025149	0
pubchem.compound:5284570	UMLS:C0752130	0
CHEMBL:CHEMBL1201827	UMLS:C0220633	0
pubchem.compound:441409	UMLS:C0854893	0
pubchem.compound:54767229	UMLS:C0860204	0
CHEMBL:CHEMBL4297950	UMLS:C5574816	0
CHEMBL:CHEMBL1201562	UMLS:C1850343	0
pubchem.compound:5920	UMLS:C0024143	0
pubchem.compound:2170	UMLS:C1844020	0
pubchem.compound:4147757	UMLS:C4016042	0
CHEMBL:CHEMBL1201558	UMLS:C3280524	0
pubchem.compound:5311181	UMLS:C0029456	0
pubchem.compound:11547499	UMLS:C0149519	0
CHEMBL:CHEMBL289228	UMLS:C1335302	0
pubchem.compound:5282226	UMLS:C1963943	0
pubchem.compound:135398737	UMLS:C4510864	0
pubchem.compound:5090	UMLS:C0003493	0
pubchem.compound:121490161	UMLS:C1836996	0
pubchem.compound:60853	UMLS:C0206711	0
pubchem.compound:3826	UMLS:C0003493	0
pubchem.compound:117761397	UMLS:C0036982	0
pubchem.compound:53241147	UMLS:C0752130	0
pubchem.compound:124181541	UMLS:C5190597	0
pubchem.compound:4633	UMLS:C4706415	0
pubchem.compound:2771	UMLS:C0041234	0
pubchem.compound:117761397	UMLS:C0023827	0
pubchem.compound:60947	UMLS:C2751826	0
pubchem.compound:9875401	UMLS:C1855553	0
pubchem.compound:3902	UMLS:C0012242	0
CHEMBL:CHEMBL1743034	UMLS:C5679970	0
pubchem.compound:5391	UMLS:C4552043	0
CHEMBL:CHEMBL4297789	UMLS:C1869114	0
pubchem.compound:5253	UMLS:C5574948	0
pubchem.compound:667484	UMLS:C4015388	0
pubchem.compound:4636	UMLS:C0008073	0
pubchem.compound:53486179	UMLS:C0266617	0
pubchem.compound:11326715	UMLS:C0279626	0
pubchem.compound:3354	UMLS:C0029456	0
pubchem.compound:4212	UMLS:C0431368	0
pubchem.compound:4932	UMLS:C0024141	0
pubchem.compound:10182969	UMLS:C0241397	0
pubchem.compound:72941992	UMLS:C0023269	0
CHEMBL:CHEMBL2108131	UMLS:C0010278	0
pubchem.compound:68540	UMLS:C0018128	0
pubchem.compound:9926832	UMLS:C0268616	0
pubchem.compound:104741	UMLS:C4545043	0
CHEMBL:CHEMBL1201716	UMLS:C0038454	0
pubchem.compound:189821	UMLS:C3809192	0
pubchem.compound:92786	UMLS:C0869083	0
pubchem.compound:126506029	UMLS:C0020649	0
pubchem.compound:71301	UMLS:C5700310	0
pubchem.compound:11154555	UMLS:C1868120	0
pubchem.compound:637568	UMLS:C0271183	0
pubchem.compound:4543	UMLS:C3810380	0
pubchem.compound:16204922	UMLS:C0221355	0
pubchem.compound:169870	UMLS:C0005940	0
pubchem.compound:3354	UMLS:C1332133	0
pubchem.compound:3005572	UMLS:C0003977	0
pubchem.compound:9848990	UMLS:C0152236	0
pubchem.compound:25134303	UMLS:C3810363	0
pubchem.compound:11125	UMLS:C0399373	0
CHEMBL:CHEMBL4297990	UMLS:C0025362	0
CHEMBL:CHEMBL1201577	UMLS:C1869116	0
pubchem.compound:392622	UMLS:C0028797	0
pubchem.compound:118115473	UMLS:C1848947	0
pubchem.compound:4991	UMLS:C0431362	0
pubchem.compound:23663962	UMLS:C1415817	0
pubchem.compound:5735	UMLS:C3809888	0
CHEMBL:CHEMBL1237022	UMLS:C5436867	0
pubchem.compound:1254	UMLS:C0857007	0
CHEMBL:CHEMBL3707314	UMLS:C0023267	0
pubchem.compound:11561674	UMLS:C3501611	0
pubchem.compound:636403	UMLS:C4510367	0
pubchem.compound:9803828	UMLS:C0018784	0
pubchem.compound:5095	UMLS:C0270911	0
pubchem.compound:9833407	UMLS:C0040997	0
pubchem.compound:3397	UMLS:C5437588	0
CHEMBL:CHEMBL4297828	UMLS:C4748768	0
CHEMBL:CHEMBL2107979	UMLS:C0019562	0
CHEMBL:CHEMBL4594326	UMLS:C3549874	0
pubchem.compound:2541	UMLS:C3714756	0
pubchem.compound:3559	UMLS:C3489627	0
pubchem.compound:2724350	UMLS:C0008073	0
pubchem.compound:71544786	UMLS:C1334410	0
pubchem.compound:3059	UMLS:C1859049	0
pubchem.compound:62770	UMLS:C1112530	0
pubchem.compound:5356	UMLS:C2931662	0
pubchem.compound:216326	UMLS:C0023462	0
pubchem.compound:9913767	UMLS:C1832855	0
CHEMBL:CHEMBL4650469	UMLS:C0030354	0
CHEMBL:CHEMBL3301583	UMLS:C0376545	0
CHEMBL:CHEMBL1743082	UMLS:C1956346	0
pubchem.compound:501391	UMLS:C4021727	0
CHEMBL:CHEMBL1201421	UMLS:C2700405	0
pubchem.compound:60496	UMLS:C1837260	0
pubchem.compound:9870520	UMLS:C0239548	0
pubchem.compound:5462328	UMLS:C0002625	0
pubchem.compound:406563	UMLS:C0156257	0
pubchem.compound:60795	UMLS:C1839832	0
pubchem.compound:5282381	UMLS:C0265290	0
pubchem.compound:89683805	UMLS:C4016056	0
pubchem.compound:45101433	UMLS:C0154631	0
pubchem.compound:20112022	UMLS:C4225421	0
pubchem.compound:3385	UMLS:C0239998	0
pubchem.compound:185460	UMLS:C4707848	0
pubchem.compound:46216795	UMLS:C1335167	0
pubchem.compound:4614	UMLS:C0020456	0
CHEMBL:CHEMBL2108723	UMLS:C4023342	0
pubchem.compound:82146	UMLS:C0271623	0
pubchem.compound:4037	UMLS:C0279680	0
pubchem.compound:23725423	UMLS:C0334389	0
pubchem.compound:129269915	UMLS:C0042373	0
pubchem.compound:2724385	UMLS:C0019100	0
pubchem.compound:153994	UMLS:C1857710	0
pubchem.compound:60837	UMLS:C0013362	0
pubchem.compound:39912	UMLS:C0520863	0
pubchem.compound:44462760	UMLS:C0433856	0
pubchem.compound:5282136	UMLS:C4551714	0
pubchem.compound:156391	UMLS:C3808494	0
pubchem.compound:5070	UMLS:C4048270	0
pubchem.compound:3394	UMLS:C0431368	0
pubchem.compound:23663959	UMLS:C0751265	0
pubchem.compound:146570	UMLS:C0005695	0
pubchem.compound:159603	UMLS:C0001418	0
pubchem.compound:5330286	UMLS:C1858496	0
pubchem.compound:68210102	UMLS:C0752252	0
pubchem.compound:51263	UMLS:C4316903	0
pubchem.compound:134436906	UMLS:C0431368	0
pubchem.compound:2724385	UMLS:C4085590	0
pubchem.compound:16048656	UMLS:C3808971	0
pubchem.compound:60835	UMLS:C0282631	0
CHEMBL:CHEMBL4594573	UMLS:C0021359	0
pubchem.compound:11237762	UMLS:C5676978	0
pubchem.compound:3016	UMLS:C0023895	0
pubchem.compound:9854489	UMLS:C0432198	0
pubchem.compound:176871	UMLS:C4016053	0
pubchem.compound:16231	UMLS:C0001973	0
pubchem.compound:11591741	UMLS:C4511672	0
pubchem.compound:6917715	UMLS:C4707848	0
pubchem.compound:108000	UMLS:C1863052	0
pubchem.compound:3111	UMLS:C0021359	0
pubchem.compound:219024	UMLS:C0796085	0
pubchem.compound:71717894	UMLS:C1855710	0
pubchem.compound:23635314	UMLS:C0019151	0
pubchem.compound:4411	UMLS:C3714958	0
pubchem.compound:11329481	UMLS:C0149519	0
pubchem.compound:36462	UMLS:C5568140	0
pubchem.compound:9578572	UMLS:C0022738	0
pubchem.compound:5408	UMLS:C0037772	0
pubchem.compound:2540	UMLS:C0008479	0
pubchem.compound:5353627	UMLS:C3280953	0
pubchem.compound:175805	UMLS:C3714992	0
pubchem.compound:68740	UMLS:C4021808	0
CHEMBL:CHEMBL1201580	UMLS:C0014547	0
pubchem.compound:10280735	UMLS:C4014648	0
pubchem.compound:28620	UMLS:C5680250	0
pubchem.compound:28417	UMLS:C1849156	0
pubchem.compound:65264	UMLS:C0017563	0
pubchem.compound:71717200	UMLS:C0026848	0
pubchem.compound:439260	UMLS:C0272242	0
pubchem.compound:2895	UMLS:C0853897	0
pubchem.compound:44482554	UMLS:C1514422	0
pubchem.compound:65326	UMLS:C3280094	0
pubchem.compound:50922675	UMLS:C3281153	0
CHEMBL:CHEMBL1201834	UMLS:C0342643	0
pubchem.compound:10257882	UMLS:C1333990	0
pubchem.compound:11315474	UMLS:C0853897	0
CHEMBL:CHEMBL1428	UMLS:C5680181	0
pubchem.compound:59473233	UMLS:C4229399	0
CHEMBL:CHEMBL1201827	UMLS:C4284595	0
pubchem.compound:185460	UMLS:C0410528	0
pubchem.compound:5832	UMLS:C0740392	0
CHEMBL:CHEMBL4297841	UMLS:C0687132	0
pubchem.compound:1775	UMLS:C0153458	0
pubchem.compound:92337	UMLS:C0206368	0
pubchem.compound:16158208	UMLS:C0042510	0
CHEMBL:CHEMBL4594341	UMLS:C0015423	0
pubchem.compound:5563	UMLS:C1862373	0
pubchem.compound:1548943	UMLS:C0746102	0
pubchem.compound:2157	UMLS:C4225207	0
CHEMBL:CHEMBL1201823	UMLS:C4551501	0
pubchem.compound:9803828	UMLS:C0001621	0
pubchem.compound:5388983	UMLS:C0031900	0
CHEMBL:CHEMBL1201419	UMLS:C1851920	0
pubchem.compound:3821	UMLS:C0472792	0
pubchem.compound:10413	UMLS:C0268579	0
pubchem.compound:24785956	UMLS:C0206627	0
pubchem.compound:78131177	UMLS:C4022990	0
pubchem.compound:182137	UMLS:C4748080	0
pubchem.compound:10311306	UMLS:C2750452	0
pubchem.compound:10224267	UMLS:C0031485	0
CHEMBL:CHEMBL2108078	UMLS:C0476403	0
pubchem.compound:23635314	UMLS:C0013595	0
pubchem.compound:39765	UMLS:C1846648	0
pubchem.compound:5280793	UMLS:C0701163	0
pubchem.compound:46943432	UMLS:C2931383	0
pubchem.compound:5356	UMLS:C0478066	0
pubchem.compound:441207	UMLS:C1623209	0
pubchem.compound:9865528	UMLS:C4022990	0
pubchem.compound:13342	UMLS:C2752007	0
CHEMBL:CHEMBL2108568	UMLS:C1720824	0
pubchem.compound:23663956	UMLS:C0848558	0
pubchem.compound:44564108	UMLS:C4024853	0
CHEMBL:CHEMBL4297551	UMLS:C0013264	0
pubchem.compound:34312	UMLS:C4693831	0
pubchem.compound:10660	UMLS:C2584774	0
pubchem.compound:3658	UMLS:C0025517	0
pubchem.compound:23897	UMLS:C1404173	0
pubchem.compound:11962412	UMLS:C0039101	0
pubchem.compound:121396	UMLS:C5680348	0
CHEMBL:CHEMBL1201576	UMLS:C0153460	0
pubchem.compound:4100	UMLS:C1335167	0
pubchem.compound:135564985	UMLS:C0085637	0
CHEMBL:CHEMBL5315048	UMLS:C1861689	0
CHEMBL:CHEMBL1237023	UMLS:C0399376	0
pubchem.compound:5365247	UMLS:C4229399	0
pubchem.compound:657180	UMLS:C2930619	0
pubchem.compound:16351	UMLS:C0003460	0
CHEMBL:CHEMBL1743007	UMLS:C1844376	0
pubchem.compound:54746	UMLS:C0151905	0
pubchem.compound:134780	UMLS:C3281153	0
pubchem.compound:5391	UMLS:C1836383	0
pubchem.compound:11534420	UMLS:C1843496	0
CHEMBL:CHEMBL136478	UMLS:C0021390	0
pubchem.compound:4168	UMLS:C0079301	0
pubchem.compound:444795	UMLS:C4020900	0
pubchem.compound:636380	UMLS:C0268138	0
CHEMBL:CHEMBL1201438	UMLS:C5190608	0
CHEMBL:CHEMBL3833373	UMLS:C4025870	0
pubchem.compound:441344	UMLS:C0017605	0
CHEMBL:CHEMBL4650509	UMLS:C0013720	0
pubchem.compound:11338033	UMLS:C0152200	0
pubchem.compound:16204922	UMLS:C0278878	0
pubchem.compound:4922	UMLS:C1846529	0
pubchem.compound:4158	UMLS:C0546127	0
CHEMBL:CHEMBL3707229	UMLS:C4747891	0
pubchem.compound:447715	UMLS:C0154564	0
pubchem.compound:5284472	UMLS:C0027947	0
CHEMBL:CHEMBL3707357	UMLS:C0001125	0
pubchem.compound:9853053	UMLS:C0012236	0
pubchem.compound:53241147	UMLS:C0031099	0
CHEMBL:CHEMBL1743044	UMLS:C0008449	0
pubchem.compound:5574	UMLS:C4016375	0
pubchem.compound:3038	UMLS:C0525041	0
pubchem.compound:216235	UMLS:C0013182	0
pubchem.compound:5206	UMLS:C0029595	0
pubchem.compound:131634231	UMLS:C0546127	0
pubchem.compound:36811	UMLS:C4275012	0
pubchem.compound:5281025	UMLS:C0154088	0
CHEMBL:CHEMBL1201565	UMLS:C0162770	0
CHEMBL:CHEMBL2109204	UMLS:C5436712	0
pubchem.compound:5741	UMLS:C3553788	0
CHEMBL:CHEMBL4297715	UMLS:C5190707	0
pubchem.compound:9865528	UMLS:C0751265	0
pubchem.compound:121587	UMLS:C0270458	0
pubchem.compound:2564	UMLS:C4693843	0
pubchem.compound:49800010	UMLS:C2750452	0
CHEMBL:CHEMBL2109058	UMLS:C3160719	0
pubchem.compound:38101	UMLS:C0024713	0
pubchem.compound:5755	UMLS:C5679932	0
pubchem.compound:667490	UMLS:C0021359	0
CHEMBL:CHEMBL1201421	UMLS:C1842060	0
pubchem.compound:5291	UMLS:C1849156	0
pubchem.compound:13770	UMLS:C1968843	0
pubchem.compound:130881	UMLS:C1846648	0
CHEMBL:CHEMBL1743073	UMLS:C5190809	0
pubchem.compound:5280360	UMLS:C0009806	0
pubchem.compound:24775005	UMLS:C2931136	0
CHEMBL:CHEMBL4297990	UMLS:C5574905	0
pubchem.compound:219024	UMLS:C5436576	0
pubchem.compound:3100	UMLS:C0027070	0
pubchem.compound:16214875	UMLS:C0020443	0
pubchem.compound:160355	UMLS:C5193020	0
pubchem.compound:71731823	UMLS:C0004135	0
pubchem.compound:2333	UMLS:C1836542	0
CHEMBL:CHEMBL4802221	UMLS:C1327918	0
pubchem.compound:5359318	UMLS:C1845292	0
pubchem.compound:126506029	UMLS:C3899764	0
pubchem.compound:15951529	UMLS:C5679777	0
pubchem.compound:5755	UMLS:C0752127	0
pubchem.compound:15983988	UMLS:C3150968	0
pubchem.compound:3339	UMLS:C0393706	0
pubchem.compound:59634741	UMLS:C0086543	0
pubchem.compound:5095	UMLS:C4479526	0
pubchem.compound:3036703	UMLS:C0334121	0
pubchem.compound:6433095	UMLS:C0455988	0
pubchem.compound:3356	UMLS:C4310656	0
pubchem.compound:5464092	UMLS:C3553886	0
CHEMBL:CHEMBL2108594	UMLS:C0030554	0
pubchem.compound:56639723	UMLS:C0342684	0
pubchem.compound:3348	UMLS:C0948163	0
pubchem.compound:7028	UMLS:C0030524	0
pubchem.compound:36708	UMLS:C0079541	0
CHEMBL:CHEMBL4594618	UMLS:C0019294	0
pubchem.compound:107952	UMLS:C1842534	0
pubchem.compound:90467234	UMLS:C0266568	0
pubchem.compound:4037	UMLS:C0750442	0
pubchem.compound:121587	UMLS:C2676770	0
CHEMBL:CHEMBL2107863	UMLS:C0020626	0
pubchem.compound:121587	UMLS:C0149721	0
pubchem.compound:2157	UMLS:C1959582	0
pubchem.compound:91885457	UMLS:C5190692	0
CHEMBL:CHEMBL2109072	UMLS:C0154564	0
CHEMBL:CHEMBL3545132	UMLS:C0080178	0
pubchem.compound:62978	UMLS:C0024623	0
pubchem.compound:23674183	UMLS:C0019624	0
pubchem.compound:46926350	UMLS:C4721891	0
pubchem.compound:11338033	UMLS:C1847614	0
pubchem.compound:60834	UMLS:C5680331	0
pubchem.compound:42890	UMLS:C3151192	0
pubchem.compound:5327686	UMLS:C5679828	0
CHEMBL:CHEMBL4297580	UMLS:C0268393	0
CHEMBL:CHEMBL4297792	UMLS:C4273660	0
CHEMBL:CHEMBL4298185	UMLS:C0007193	0
CHEMBL:CHEMBL4298209	UMLS:C0016788	0
pubchem.compound:441207	UMLS:C4551563	0
pubchem.compound:44516822	UMLS:C1832388	0
CHEMBL:CHEMBL2108955	UMLS:C1836508	0
CHEMBL:CHEMBL4594242	UMLS:C5679932	0
pubchem.compound:157917	UMLS:C5680525	0
pubchem.compound:6014	UMLS:C4225404	0
pubchem.compound:2431	UMLS:C0042580	0
CHEMBL:CHEMBL5095303	UMLS:C0266548	0
pubchem.compound:121892	UMLS:C0476273	0
pubchem.compound:23582846	UMLS:C1704423	0
pubchem.compound:406563	UMLS:C4310704	0
CHEMBL:CHEMBL1201668	UMLS:C1865926	0
CHEMBL:CHEMBL2109667	UMLS:C0017636	0
CHEMBL:CHEMBL1743058	UMLS:C0030354	0
pubchem.compound:92253	UMLS:C1842073	0
pubchem.compound:3033825	UMLS:C0157918	0
pubchem.compound:9955977	UMLS:C2931367	0
pubchem.compound:31100	UMLS:C1879286	0
pubchem.compound:178024	UMLS:C0454542	0
pubchem.compound:3005573	UMLS:C5193097	0
pubchem.compound:3261	UMLS:C5680364	0
CHEMBL:CHEMBL2109171	UMLS:C2677101	0
pubchem.compound:5556	UMLS:C1866173	0
pubchem.compound:67454400	UMLS:C0153493	0
pubchem.compound:5160	UMLS:C1833692	0
pubchem.compound:92786	UMLS:C0015456	0
pubchem.compound:17755248	UMLS:C4225227	0
pubchem.compound:3827	UMLS:C0016522	0
CHEMBL:CHEMBL4650514	UMLS:C0795950	0
pubchem.compound:31703	UMLS:C0008780	0
pubchem.compound:3108	UMLS:C1861862	0
CHEMBL:CHEMBL2109204	UMLS:C1861848	0
pubchem.compound:6509979	UMLS:C0021368	0
pubchem.compound:131679	UMLS:C0409495	0
pubchem.compound:60854	UMLS:C1853863	0
pubchem.compound:2162	UMLS:C1720859	0
pubchem.compound:9804938	UMLS:C0206698	0
pubchem.compound:59774	UMLS:C0206736	0
pubchem.compound:135413539	UMLS:C0752332	0
pubchem.compound:5918	UMLS:C0265998	0
pubchem.compound:4171	UMLS:C2936694	0
pubchem.compound:44564108	UMLS:C1864900	0
CHEMBL:CHEMBL2108675	UMLS:C0234629	0
pubchem.compound:11625818	UMLS:C0031511	0
CHEMBL:CHEMBL2108426	UMLS:C4016052	0
pubchem.compound:9887712	UMLS:C5190862	0
pubchem.compound:5160	UMLS:C0011609	0
pubchem.compound:16051941	UMLS:C0017661	0
pubchem.compound:55245	UMLS:C0040336	0
pubchem.compound:134018	UMLS:C0264490	0
CHEMBL:CHEMBL2109330	UMLS:C0019284	0
pubchem.compound:3156	UMLS:C0003496	0
pubchem.compound:2157	UMLS:C1863061	0
pubchem.compound:56639723	UMLS:C5681644	0
pubchem.compound:6918223	UMLS:C0149871	0
pubchem.compound:6918537	UMLS:C0268542	0
pubchem.compound:2789	UMLS:C0025362	0
CHEMBL:CHEMBL1201464	UMLS:C0868847	0
pubchem.compound:5284373	UMLS:C4518356	0
pubchem.compound:4768	UMLS:C0431399	0
CHEMBL:CHEMBL3408947	UMLS:C0018817	0
pubchem.compound:4436	UMLS:C2981150	0
pubchem.compound:11285002	UMLS:C3280094	0
pubchem.compound:5353627	UMLS:C2677180	0
pubchem.compound:71186236	UMLS:C5190809	0
pubchem.compound:9578005	UMLS:C2750413	0
CHEMBL:CHEMBL4297830	UMLS:C0026269	0
pubchem.compound:3958	UMLS:C0011269	0
pubchem.compound:5452	UMLS:C0041408	0
pubchem.compound:5732	UMLS:C2675210	0
pubchem.compound:49806720	UMLS:C0398794	0
pubchem.compound:5280793	UMLS:C4310728	0
pubchem.compound:5070	UMLS:C3888239	0
pubchem.compound:11622909	UMLS:C3809888	0
pubchem.compound:71158	UMLS:C0752351	0
pubchem.compound:24828759	UMLS:C0087012	0
pubchem.compound:51263	UMLS:C0392550	0
pubchem.compound:25141092	UMLS:C0013386	0
pubchem.compound:5472	UMLS:C4749284	0
pubchem.compound:3676	UMLS:C5681834	0
pubchem.compound:4197	UMLS:C2676232	0
pubchem.compound:11677589	UMLS:C0021051	0
pubchem.compound:5281104	UMLS:C4693843	0
pubchem.compound:5282138	UMLS:C0030193	0
pubchem.compound:6420040	UMLS:C1865304	0
CHEMBL:CHEMBL2109321	UMLS:C0242698	0
CHEMBL:CHEMBL2108359	UMLS:C0013386	0
pubchem.compound:148123	UMLS:C1631597	0
CHEMBL:CHEMBL4650393	UMLS:C0162565	0
CHEMBL:CHEMBL3707229	UMLS:C0795950	0
pubchem.compound:3826	UMLS:C4273988	0
pubchem.compound:5282440	UMLS:C0476273	0
CHEMBL:CHEMBL1201827	UMLS:C5567608	0
pubchem.compound:5284596	UMLS:C4016059	0
pubchem.compound:134436906	UMLS:C0020542	0
pubchem.compound:3958	UMLS:C0271650	0
CHEMBL:CHEMBL4594326	UMLS:C4225207	0
pubchem.compound:44482554	UMLS:C3850148	0
pubchem.compound:3549980	UMLS:C0029410	0
pubchem.compound:219078	UMLS:C3809427	0
pubchem.compound:667490	UMLS:C0029401	0
CHEMBL:CHEMBL4297955	UMLS:C2931907	0
pubchem.compound:6918305	UMLS:C5436769	0
CHEMBL:CHEMBL1743041	UMLS:C1840427	0
CHEMBL:CHEMBL1743007	UMLS:C0340804	0
pubchem.compound:446157	UMLS:C5561940	0
pubchem.compound:3001028	UMLS:C0178417	0
pubchem.compound:131634231	UMLS:C1850049	0
pubchem.compound:2118	UMLS:C0003873	0
CHEMBL:CHEMBL4297778	UMLS:C0079301	0
pubchem.compound:47909	UMLS:C0016978	0
pubchem.compound:58438464	UMLS:C0221217	0
pubchem.compound:4543	UMLS:C5679993	0
pubchem.compound:104865	UMLS:C0339526	0
pubchem.compound:135413539	UMLS:C0346153	0
CHEMBL:CHEMBL2108313	UMLS:C0024141	0
pubchem.compound:24889392	UMLS:C0017605	0
pubchem.compound:60838	UMLS:C0948008	0
pubchem.compound:4095	UMLS:C3887992	0
CHEMBL:CHEMBL4297819	UMLS:C1514422	0
pubchem.compound:3354	UMLS:C2677903	0
pubchem.compound:5311027	UMLS:C1847319	0
pubchem.compound:31307	UMLS:C1335167	0
pubchem.compound:16203739	UMLS:C0154409	0
CHEMBL:CHEMBL2109171	UMLS:C0342154	0
CHEMBL:CHEMBL4297830	UMLS:C4025901	0
pubchem.compound:445643	UMLS:C5203670	0
pubchem.compound:3559	UMLS:C4553889	0
pubchem.compound:1548943	UMLS:C1861862	0
pubchem.compound:154101	UMLS:C0153463	0
pubchem.compound:135413536	UMLS:C0239234	0
pubchem.compound:5284373	UMLS:C0236736	0
pubchem.compound:11125	UMLS:C0344730	0
pubchem.compound:4211	UMLS:C0025362	0
pubchem.compound:148197	UMLS:C0021846	0
pubchem.compound:9794485	UMLS:C0006413	0
pubchem.compound:9853053	UMLS:C4082171	0
pubchem.compound:71464713	UMLS:C0271623	0
pubchem.compound:5462351	UMLS:C0266568	0
pubchem.compound:16204922	UMLS:C1848070	0
CHEMBL:CHEMBL4298086	UMLS:C0242343	0
CHEMBL:CHEMBL2109092	UMLS:C0266484	0
pubchem.compound:135400189	UMLS:C0035412	0
pubchem.compound:148196	UMLS:C0023896	0
CHEMBL:CHEMBL3039545	UMLS:C0027697	0
pubchem.compound:122662112	UMLS:C1332965	0
pubchem.compound:71009737	UMLS:C5442191	0
pubchem.compound:444	UMLS:C0008925	0
pubchem.compound:52938427	UMLS:C0006012	0
pubchem.compound:208908	UMLS:C3665386	0
pubchem.compound:11965427	UMLS:C1868114	0
pubchem.compound:26758	UMLS:C0002965	0
pubchem.compound:11526696	UMLS:C1879526	0
pubchem.compound:16760285	UMLS:C0234533	0
pubchem.compound:2583	UMLS:C0236736	0
pubchem.compound:9832447	UMLS:C0004030	0
pubchem.compound:90661668	UMLS:C0042373	0
pubchem.compound:131634231	UMLS:C0018818	0
pubchem.compound:56801	UMLS:C5548209	0
pubchem.compound:3000715	UMLS:C0013423	0
pubchem.compound:11949646	UMLS:C4551774	0
pubchem.compound:135565166	UMLS:C5231404	0
pubchem.compound:6230	UMLS:C0026650	0
pubchem.compound:135449327	UMLS:C1142166	0
CHEMBL:CHEMBL4297549	UMLS:C0265553	0
pubchem.compound:60815	UMLS:C1275116	0
pubchem.compound:3157	UMLS:C3809483	0
pubchem.compound:5283731	UMLS:C4023342	0
pubchem.compound:6918305	UMLS:C0424688	0
pubchem.compound:2541	UMLS:C0153423	0
pubchem.compound:135564985	UMLS:C5548209	0
pubchem.compound:107969	UMLS:C0012236	0
pubchem.compound:3964	UMLS:C5680331	0
pubchem.compound:6442177	UMLS:C0039446	0
CHEMBL:CHEMBL2108583	UMLS:C5551904	0
pubchem.compound:71228883	UMLS:C0585362	0
pubchem.compound:60750	UMLS:C2931498	0
CHEMBL:CHEMBL4594511	UMLS:C0151905	0
pubchem.compound:66259	UMLS:C0152021	0
pubchem.compound:2771	UMLS:C4750849	0
pubchem.compound:2541	UMLS:C0432238	0
pubchem.compound:6834	UMLS:C2931743	0
pubchem.compound:68210102	UMLS:C1850830	0
pubchem.compound:31703	UMLS:C1866423	0
CHEMBL:CHEMBL1201571	UMLS:C1832425	0
pubchem.compound:23680530	UMLS:C0006012	0
pubchem.compound:5090	UMLS:C2936419	0
pubchem.compound:60490	UMLS:C4024965	0
pubchem.compound:54676228	UMLS:C0206692	0
pubchem.compound:51039094	UMLS:C3280378	0
CHEMBL:CHEMBL3544945	UMLS:C4225383	0
pubchem.compound:644241	UMLS:C5568140	0
CHEMBL:CHEMBL4650476	UMLS:C5193056	0
pubchem.compound:118115473	UMLS:C1955870	0
pubchem.compound:449171	UMLS:C1292774	0
pubchem.compound:135566083	UMLS:C0035410	0
pubchem.compound:53465279	UMLS:C3553442	0
pubchem.compound:9871419	UMLS:C0265010	0
pubchem.compound:9820008	UMLS:C0029493	0
pubchem.compound:49846579	UMLS:C1387923	0
CHEMBL:CHEMBL413	UMLS:C0158451	0
CHEMBL:CHEMBL5314551	UMLS:C4015368	0
CHEMBL:CHEMBL2108313	UMLS:C1848137	0
pubchem.compound:25067547	UMLS:C1863061	0
pubchem.compound:11526696	UMLS:C5681199	0
pubchem.compound:3038525	UMLS:C2873848	0
pubchem.compound:135400189	UMLS:C1835434	0
pubchem.compound:62857	UMLS:C0432197	0
pubchem.compound:5910	UMLS:C1514422	0
pubchem.compound:2733	UMLS:C5394081	0
pubchem.compound:68210102	UMLS:C0035455	0
CHEMBL:CHEMBL1201439	UMLS:C0338480	0
pubchem.compound:452548	UMLS:C0025160	0
pubchem.compound:39186	UMLS:C4748080	0
pubchem.compound:10224267	UMLS:C0242596	0
pubchem.compound:6439522	UMLS:C0013336	0
CHEMBL:CHEMBL2108589	UMLS:C5436576	0
pubchem.compound:3105	UMLS:C0242184	0
CHEMBL:CHEMBL121	UMLS:C0039483	0
pubchem.compound:25253377	UMLS:C4014563	0
pubchem.compound:5546	UMLS:C0043020	0
pubchem.compound:3156	UMLS:C1850830	0
pubchem.compound:71731823	UMLS:C0028768	0
pubchem.compound:4740	UMLS:C0017920	0
CHEMBL:CHEMBL1201584	UMLS:C0265780	0
pubchem.compound:208908	UMLS:C1861848	0
CHEMBL:CHEMBL2108427	UMLS:C0472803	0
pubchem.compound:441344	UMLS:C0152013	0
CHEMBL:CHEMBL1201585	UMLS:C0153491	0
pubchem.compound:443967	UMLS:C4748701	0
pubchem.compound:2801	UMLS:C4693831	0
pubchem.compound:6420040	UMLS:C0265220	0
pubchem.compound:24889392	UMLS:C0221356	0
pubchem.compound:5361918	UMLS:C3552553	0
pubchem.compound:44623998	UMLS:C1970859	0
CHEMBL:CHEMBL3989986	UMLS:C1969053	0
pubchem.compound:5910	UMLS:C0007193	0
pubchem.compound:9433	UMLS:C0279680	0
pubchem.compound:216239	UMLS:C0027059	0
pubchem.compound:70687254	UMLS:C1842462	0
CHEMBL:CHEMBL1201836	UMLS:C0004238	0
pubchem.compound:10184653	UMLS:C0007166	0
pubchem.compound:5284569	UMLS:C3150968	0
pubchem.compound:24771867	UMLS:C5779776	0
pubchem.compound:31401	UMLS:C5191640	0
pubchem.compound:90409366	UMLS:C2697932	0
pubchem.compound:3827	UMLS:C0917804	0
pubchem.compound:135565923	UMLS:C0153459	0
pubchem.compound:10224267	UMLS:C0153422	0
pubchem.compound:2375	UMLS:C2700405	0
pubchem.compound:11993702	UMLS:C0027059	0
pubchem.compound:16129483	UMLS:C0559260	0
pubchem.compound:71600085	UMLS:C1387923	0
pubchem.compound:11597697	UMLS:C0007097	0
pubchem.compound:11683556	UMLS:C0497552	0
pubchem.compound:5281071	UMLS:C0265610	0
pubchem.compound:54677470	UMLS:C0152419	0
pubchem.compound:9800068	UMLS:C2910340	0
pubchem.compound:66558664	UMLS:C4023814	0
pubchem.compound:11625818	UMLS:C3151192	0
pubchem.compound:5352062	UMLS:C5680453	0
pubchem.compound:12714644	UMLS:C0007282	0
CHEMBL:CHEMBL2108589	UMLS:C0859976	0
pubchem.compound:53486179	UMLS:C5231422	0
CHEMBL:CHEMBL5095303	UMLS:C0011436	0
pubchem.compound:441074	UMLS:C0029227	0
pubchem.compound:130904	UMLS:C1850049	0
pubchem.compound:62884	UMLS:C0035300	0
pubchem.compound:46209133	UMLS:C0020615	0
CHEMBL:CHEMBL1201607	UMLS:C0000768	0
pubchem.compound:16203739	UMLS:C1956349	0
pubchem.compound:14219	UMLS:C0342643	0
pubchem.compound:78131177	UMLS:C0158651	0
pubchem.compound:5280723	UMLS:C4083008	0
CHEMBL:CHEMBL2108589	UMLS:C5190593	0
pubchem.compound:4746	UMLS:C0431904	0
pubchem.compound:124246	UMLS:C4273660	0
pubchem.compound:644241	UMLS:C0005411	0
pubchem.compound:50922675	UMLS:C0009405	0
CHEMBL:CHEMBL1743037	UMLS:C4023252	0
pubchem.compound:11434515	UMLS:C0265677	0
pubchem.compound:134156377	UMLS:C0023343	0
pubchem.compound:6439522	UMLS:C5543622	0
pubchem.compound:151194	UMLS:C4022839	0
pubchem.compound:135398744	UMLS:C1837658	0
pubchem.compound:2723601	UMLS:C4304832	0
pubchem.compound:64929	UMLS:C0272199	0
pubchem.compound:46207586	UMLS:C0751895	0
pubchem.compound:121448788	UMLS:C1835814	0
pubchem.compound:406563	UMLS:C2237142	0
pubchem.compound:5361918	UMLS:C0524620	0
CHEMBL:CHEMBL1743068	UMLS:C0022658	0
pubchem.compound:3356	UMLS:C1879286	0
CHEMBL:CHEMBL5314551	UMLS:C1836230	0
pubchem.compound:67479909	UMLS:C0392005	0
pubchem.compound:11338033	UMLS:C0746102	0
CHEMBL:CHEMBL4594511	UMLS:C5235141	0
pubchem.compound:4168	UMLS:C1292774	0
pubchem.compound:25025298	UMLS:C0013069	0
pubchem.compound:2477	UMLS:C4016059	0
pubchem.compound:11622909	UMLS:C0282548	0
pubchem.compound:6420057	UMLS:C0022665	0
CHEMBL:CHEMBL4650395	UMLS:C0426790	0
pubchem.compound:10836	UMLS:C0221757	0
CHEMBL:CHEMBL4594618	UMLS:C0265101	0
pubchem.compound:3488	UMLS:C0040822	0
pubchem.compound:6456015	UMLS:C4021762	0
pubchem.compound:23652731	UMLS:C0018818	0
pubchem.compound:5388962	UMLS:C0340643	0
pubchem.compound:10133	UMLS:C3696898	0
pubchem.compound:5284443	UMLS:C0014850	0
pubchem.compound:1775	UMLS:C0041327	0
CHEMBL:CHEMBL2109667	UMLS:C4310691	0
CHEMBL:CHEMBL4650434	UMLS:C0265226	0
pubchem.compound:3345	UMLS:C5680508	0
pubchem.compound:23681059	UMLS:C0013604	0
pubchem.compound:6918638	UMLS:C4721845	0
pubchem.compound:63009	UMLS:C0011633	0
pubchem.compound:9952916	UMLS:C5436692	0
pubchem.compound:25127112	UMLS:C0265535	0
pubchem.compound:644077	UMLS:C5561976	0
pubchem.compound:6450551	UMLS:C0752130	0
pubchem.compound:54676228	UMLS:C0027051	0
pubchem.compound:3520	UMLS:C2750509	0
pubchem.compound:11399764	UMLS:C4225207	0
pubchem.compound:3022645	UMLS:C2937358	0
pubchem.compound:9853053	UMLS:C0079765	0
CHEMBL:CHEMBL2108570	UMLS:C1321551	0
pubchem.compound:11256664	UMLS:C0264694	0
pubchem.compound:71481097	UMLS:C4748777	0
pubchem.compound:16129483	UMLS:C5575495	0
pubchem.compound:49806720	UMLS:C4748701	0
CHEMBL:CHEMBL1201581	UMLS:C0949804	0
CHEMBL:CHEMBL3137343	UMLS:C1704423	0
pubchem.compound:67479909	UMLS:C4016299	0
CHEMBL:CHEMBL4650393	UMLS:C3714618	0
pubchem.compound:5245	UMLS:C0026769	0
pubchem.compound:3345	UMLS:C1845407	0
pubchem.compound:60198	UMLS:C4041558	0
pubchem.compound:2564	UMLS:C0685889	0
pubchem.compound:90467234	UMLS:C0023434	0
pubchem.compound:156419	UMLS:C0947622	0
pubchem.compound:53241147	UMLS:C0752210	0
CHEMBL:CHEMBL4297549	UMLS:C0600139	0
CHEMBL:CHEMBL1743070	UMLS:C2751307	0
CHEMBL:CHEMBL4297580	UMLS:C5569048	0
pubchem.compound:55245	UMLS:C1862511	0
CHEMBL:CHEMBL2109467	UMLS:C0031099	0
CHEMBL:CHEMBL1201421	UMLS:C5193014	0
pubchem.compound:67171867	UMLS:C0033805	0
pubchem.compound:49831411	UMLS:C0035353	0
pubchem.compound:118115473	UMLS:C0178324	0
pubchem.compound:44181686	UMLS:C1856019	0
CHEMBL:CHEMBL441738	UMLS:C3278923	0
pubchem.compound:5732	UMLS:C3553859	0
CHEMBL:CHEMBL1743058	UMLS:C1833053	0
pubchem.compound:3899	UMLS:C0039338	0
pubchem.compound:23663413	UMLS:C1879677	0
CHEMBL:CHEMBL1201476	UMLS:C0334287	0
CHEMBL:CHEMBL4297843	UMLS:C0020678	0
CHEMBL:CHEMBL1237023	UMLS:C0854893	0
pubchem.compound:11431811	UMLS:C0376628	0
pubchem.compound:130881	UMLS:C0031099	0
pubchem.compound:444795	UMLS:C0398765	0
pubchem.compound:135449518	UMLS:C0020626	0
pubchem.compound:46189893	UMLS:C0026106	0
CHEMBL:CHEMBL2107881	UMLS:C1835854	0
CHEMBL:CHEMBL2108131	UMLS:C0002020	0
pubchem.compound:2157	UMLS:C1445953	0
pubchem.compound:5755	UMLS:C0037019	0
CHEMBL:CHEMBL1201421	UMLS:C4552100	0
CHEMBL:CHEMBL1201583	UMLS:C0008925	0
pubchem.compound:135398510	UMLS:C0017531	0
pubchem.compound:65999	UMLS:C3694279	0
pubchem.compound:9930049	UMLS:C0029792	0
pubchem.compound:135449518	UMLS:C0032580	0
pubchem.compound:11949652	UMLS:C1864389	0
pubchem.compound:1986	UMLS:C1849367	0
pubchem.compound:16533	UMLS:C5548198	0
CHEMBL:CHEMBL2108589	UMLS:C4016457	0
pubchem.compound:24872560	UMLS:C0749420	0
pubchem.compound:65478	UMLS:C1846837	0
pubchem.compound:2724350	UMLS:C0206639	0
pubchem.compound:11167602	UMLS:C1304242	0
pubchem.compound:443967	UMLS:C4021727	0
CHEMBL:CHEMBL3833373	UMLS:C0221217	0
pubchem.compound:2564	UMLS:C0265202	0
pubchem.compound:6917715	UMLS:C0151699	0
pubchem.compound:4062	UMLS:C0334239	0
pubchem.compound:90661668	UMLS:C0034065	0
pubchem.compound:131679	UMLS:C0079773	0
pubchem.compound:5070	UMLS:C0268059	0
pubchem.compound:3016	UMLS:C0010072	0
pubchem.compound:46189893	UMLS:C0007786	0
CHEMBL:CHEMBL3544910	UMLS:C4023408	0
CHEMBL:CHEMBL1201464	UMLS:C3280094	0
pubchem.compound:5878	UMLS:C5779776	0
pubchem.compound:36811	UMLS:C0010403	0
pubchem.compound:9578005	UMLS:C4751003	0
pubchem.compound:4740	UMLS:C4085590	0
pubchem.compound:71158	UMLS:C0005695	0
pubchem.compound:1549000	UMLS:C0042900	0
pubchem.compound:148197	UMLS:C4225493	0
CHEMBL:CHEMBL1743071	UMLS:C0235820	0
pubchem.compound:3022645	UMLS:C0030569	0
CHEMBL:CHEMBL2108570	UMLS:C1847800	0
pubchem.compound:45101433	UMLS:C0338488	0
pubchem.compound:45101433	UMLS:C0018816	0
pubchem.compound:134129852	UMLS:C0013338	0
pubchem.compound:3121	UMLS:C1853444	0
pubchem.compound:135400182	UMLS:C0026764	0
pubchem.compound:9903778	UMLS:C0023467	0
pubchem.compound:5002	UMLS:C1858386	0
pubchem.compound:4054	UMLS:C0162530	0
pubchem.compound:10236037	UMLS:C0265226	0
CHEMBL:CHEMBL1201438	UMLS:C1176475	0
pubchem.compound:5362119	UMLS:C0017551	0
pubchem.compound:54671203	UMLS:C0011849	0
pubchem.compound:122662112	UMLS:C4016425	0
CHEMBL:CHEMBL2109330	UMLS:C1867971	0
pubchem.compound:657181	UMLS:C5829889	0
pubchem.compound:23667619	UMLS:C3554225	0
pubchem.compound:145722621	UMLS:C0751815	0
CHEMBL:CHEMBL1201550	UMLS:C0013415	0
pubchem.compound:66558664	UMLS:C4225383	0
pubchem.compound:9803828	UMLS:C0040038	0
pubchem.compound:5281025	UMLS:C4274332	0
CHEMBL:CHEMBL4297830	UMLS:C0948031	0
pubchem.compound:9936746	UMLS:C0038356	0
pubchem.compound:11125	UMLS:C0011860	0
CHEMBL:CHEMBL3707277	UMLS:C4707228	0
pubchem.compound:39186	UMLS:C0235032	0
pubchem.compound:36314	UMLS:C1720859	0
pubchem.compound:54746	UMLS:C0003742	0
pubchem.compound:5994	UMLS:C0546125	0
pubchem.compound:60961	UMLS:C0024141	0
pubchem.compound:5546	UMLS:C1704375	0
pubchem.compound:5504	UMLS:C0339985	0
CHEMBL:CHEMBL2108429	UMLS:C0338480	0
CHEMBL:CHEMBL4297789	UMLS:C1852767	0
pubchem.compound:171359946	UMLS:C4511137	0
pubchem.compound:151194	UMLS:C3151192	0
CHEMBL:CHEMBL1742992	UMLS:C0018553	0
pubchem.compound:4261	UMLS:C0598798	0
pubchem.compound:644077	UMLS:C0023480	0
pubchem.compound:118878093	UMLS:C0270611	0
pubchem.compound:16004692	UMLS:C0162871	0
pubchem.compound:400769	UMLS:C0699790	0
CHEMBL:CHEMBL2364648	UMLS:C3553859	0
pubchem.compound:216210	UMLS:C1859774	0
pubchem.compound:24889392	UMLS:C1332965	0
pubchem.compound:59634741	UMLS:C0080178	0
pubchem.compound:14219	UMLS:C0454542	0
pubchem.compound:5280360	UMLS:C1859728	0
pubchem.compound:11982961	UMLS:C0024236	0
pubchem.compound:446541	UMLS:C0265202	0
pubchem.compound:86294073	UMLS:C0029591	0
pubchem.compound:38853	UMLS:C0030305	0
pubchem.compound:60853	UMLS:C1829703	0
pubchem.compound:60834	UMLS:C0013238	0
CHEMBL:CHEMBL1201549	UMLS:C0014547	0
pubchem.compound:13109	UMLS:C0006413	0
pubchem.compound:52938427	UMLS:C1848070	0
pubchem.compound:3078519	UMLS:C1848954	0
pubchem.compound:107969	UMLS:C0206639	0
pubchem.compound:11450633	UMLS:C1856127	0
CHEMBL:CHEMBL2109430	UMLS:C2677504	0
pubchem.compound:4636	UMLS:C4551506	0
CHEMBL:CHEMBL2108709	UMLS:C4016717	0
pubchem.compound:12947	UMLS:C0003460	0
pubchem.compound:5284549	UMLS:C3805411	0
pubchem.compound:54687	UMLS:C0454542	0
pubchem.compound:444036	UMLS:C0015923	0
pubchem.compound:2381	UMLS:C0018923	0
pubchem.compound:65866	UMLS:C1862382	0
pubchem.compound:63016	UMLS:C0009806	0
CHEMBL:CHEMBL3545191	UMLS:C4016761	0
pubchem.compound:644019	UMLS:C4025650	0
pubchem.compound:5472	UMLS:C3553859	0
pubchem.compound:8730	UMLS:C0079745	0
pubchem.compound:6918223	UMLS:C3554224	0
CHEMBL:CHEMBL3990033	UMLS:C0043094	0
pubchem.compound:4614	UMLS:C0433856	0
pubchem.compound:92253	UMLS:C0002878	0
CHEMBL:CHEMBL4297840	UMLS:C0700501	0
pubchem.compound:10161381	UMLS:C0031572	0
pubchem.compound:1349907	UMLS:C0027708	0
pubchem.compound:644241	UMLS:C0271694	0
pubchem.compound:23663413	UMLS:C0023269	0
CHEMBL:CHEMBL1743029	UMLS:C3280415	0
pubchem.compound:25078429	UMLS:C0014170	0
pubchem.compound:155434	UMLS:C0040592	0
CHEMBL:CHEMBL1201439	UMLS:C0010200	0
pubchem.compound:20112022	UMLS:C3808800	0
pubchem.compound:41114	UMLS:C1854301	0
pubchem.compound:4633	UMLS:C5681246	0
pubchem.compound:60750	UMLS:C0206692	0
pubchem.compound:2541	UMLS:C0032285	0
pubchem.compound:4913	UMLS:C3806583	0
pubchem.compound:30668	UMLS:C0152013	0
CHEMBL:CHEMBL1201466	UMLS:C5779613	0
pubchem.compound:134018	UMLS:C0023434	0
pubchem.compound:16203739	UMLS:C0086132	0
pubchem.compound:3559	UMLS:C0376545	0
pubchem.compound:56801	UMLS:C0376545	0
CHEMBL:CHEMBL2108675	UMLS:C2750413	0
pubchem.compound:2162	UMLS:C0039590	0
pubchem.compound:3001028	UMLS:C1527311	0
pubchem.compound:11949652	UMLS:C0008479	0
pubchem.compound:46926350	UMLS:C1864818	0
CHEMBL:CHEMBL2108278	UMLS:C3809665	0
pubchem.compound:2435	UMLS:C1857710	0
pubchem.compound:5978	UMLS:C1832978	0
pubchem.compound:60198	UMLS:C0019061	0
CHEMBL:CHEMBL1743081	UMLS:C0344516	0
pubchem.compound:175805	UMLS:C0022387	0
pubchem.compound:178024	UMLS:C2751642	0
pubchem.compound:171359946	UMLS:C3280479	0
pubchem.compound:25025298	UMLS:C0014457	0
pubchem.compound:5877	UMLS:C1859049	0
pubchem.compound:6918289	UMLS:C0278701	0
pubchem.compound:5362129	UMLS:C0038013	0
pubchem.compound:5757	UMLS:C0039538	0
pubchem.compound:444	UMLS:C0263454	0
CHEMBL:CHEMBL1743068	UMLS:C0013604	0
pubchem.compound:25267009	UMLS:C0162836	0
pubchem.compound:164522	UMLS:C0035410	0
pubchem.compound:5206	UMLS:C0003872	0
pubchem.compound:65478	UMLS:C0020514	0
CHEMBL:CHEMBL2109667	UMLS:C0012242	0
CHEMBL:CHEMBL1201821	UMLS:C0028960	0
CHEMBL:CHEMBL4298089	UMLS:C0018818	0
pubchem.compound:443967	UMLS:C4551906	0
pubchem.compound:34359	UMLS:C0221217	0
pubchem.compound:166625218	UMLS:C0426428	0
CHEMBL:CHEMBL1743081	UMLS:C3810405	0
CHEMBL:CHEMBL1981592	UMLS:C0206062	0
pubchem.compound:2351	UMLS:C0019189	0
pubchem.compound:5280793	UMLS:C0678222	0
CHEMBL:CHEMBL3989989	UMLS:C1858386	0
pubchem.compound:26133	UMLS:C0432197	0
pubchem.compound:216235	UMLS:C0426970	0
pubchem.compound:5656	UMLS:C0345030	0
pubchem.compound:11250647	UMLS:C0268505	0
CHEMBL:CHEMBL3707277	UMLS:C2720293	0
pubchem.compound:5754	UMLS:C4228778	0
pubchem.compound:4168	UMLS:C1720824	0
pubchem.compound:5356	UMLS:C0008373	0
CHEMBL:CHEMBL4594357	UMLS:C0001956	0
CHEMBL:CHEMBL2108481	UMLS:C1708353	0
pubchem.compound:16725726	UMLS:C1836996	0
pubchem.compound:11236126	UMLS:C0006845	0
pubchem.compound:24780598	UMLS:C0278878	0
pubchem.compound:60837	UMLS:C0021655	0
pubchem.compound:5563	UMLS:C0035235	0
pubchem.compound:19371515	UMLS:C3553788	0
pubchem.compound:11519070	UMLS:C0020479	0
pubchem.compound:45138699	UMLS:C5676973	0
pubchem.compound:14720269	UMLS:C0026010	0
pubchem.compound:3111	UMLS:C0264303	0
pubchem.compound:150311	UMLS:C0024517	0
pubchem.compound:9651	UMLS:C0004352	0
pubchem.compound:104850	UMLS:C0021359	0
CHEMBL:CHEMBL3833342	UMLS:C4551602	0
CHEMBL:CHEMBL3707326	UMLS:C0030567	0
pubchem.compound:13791	UMLS:C0017658	0
pubchem.compound:441336	UMLS:C1864900	0
pubchem.compound:441325	UMLS:C1857586	0
pubchem.compound:9838021	UMLS:C0947622	0
pubchem.compound:6918296	UMLS:C0011854	0
pubchem.compound:25102847	UMLS:C0024809	0
pubchem.compound:24847757	UMLS:C0220669	0
pubchem.compound:66124	UMLS:C4025019	0
pubchem.compound:5494449	UMLS:C0017601	0
CHEMBL:CHEMBL4298124	UMLS:C1844020	0
pubchem.compound:129211	UMLS:C5816750	0
pubchem.compound:44516822	UMLS:C1861099	0
pubchem.compound:11993702	UMLS:C3840252	0
pubchem.compound:5909	UMLS:C0015398	0
pubchem.compound:91809208	UMLS:C4551985	0
CHEMBL:CHEMBL1201585	UMLS:C0023015	0
pubchem.compound:60953	UMLS:C4510744	0
pubchem.compound:56959	UMLS:C2825149	0
pubchem.compound:119584	UMLS:C2931135	0
pubchem.compound:2267	UMLS:C3541471	0
pubchem.compound:181458	UMLS:C1850318	0
pubchem.compound:57469	UMLS:C3279754	0
pubchem.compound:60853	UMLS:C1970028	0
pubchem.compound:59473233	UMLS:C0019054	0
pubchem.compound:4369359	UMLS:C0151779	0
CHEMBL:CHEMBL2108589	UMLS:C0848558	0
pubchem.compound:49831411	UMLS:C0403397	0
pubchem.compound:4449	UMLS:C5779548	0
pubchem.compound:23680530	UMLS:C1335302	0
pubchem.compound:3476	UMLS:C0751527	0
pubchem.compound:41114	UMLS:C0752130	0
pubchem.compound:13810	UMLS:C0153493	0
pubchem.compound:25151352	UMLS:C4310691	0
pubchem.compound:54678486	UMLS:C0041657	0
pubchem.compound:25134303	UMLS:C4012146	0
CHEMBL:CHEMBL4297839	UMLS:C0011881	0
pubchem.compound:6918296	UMLS:C2931218	0
pubchem.compound:16136245	UMLS:C2930970	0
pubchem.compound:3278	UMLS:C0265562	0
CHEMBL:CHEMBL595	UMLS:C5816750	0
pubchem.compound:5282409	UMLS:C4310764	0
pubchem.compound:10127622	UMLS:C0017181	0
CHEMBL:CHEMBL2108675	UMLS:C4015080	0
CHEMBL:CHEMBL1742996	UMLS:C0027066	0
pubchem.compound:2678	UMLS:C0020651	0
pubchem.compound:6918092	UMLS:C1848599	0
pubchem.compound:23680530	UMLS:C4305240	0
pubchem.compound:17755248	UMLS:C5543526	0
CHEMBL:CHEMBL4297990	UMLS:C0020649	0
pubchem.compound:11640390	UMLS:C4024853	0
CHEMBL:CHEMBL2109171	UMLS:C1865384	0
pubchem.compound:3033	UMLS:C1843386	0
pubchem.compound:18343	UMLS:C1843496	0
pubchem.compound:6883	UMLS:C0948039	0
pubchem.compound:3000322	UMLS:C0085602	0
pubchem.compound:23642301	UMLS:C4551774	0
pubchem.compound:9875401	UMLS:C1836923	0
CHEMBL:CHEMBL3833373	UMLS:C1836830	0
CHEMBL:CHEMBL1201584	UMLS:C0023827	0
pubchem.compound:16351	UMLS:C0022340	0
pubchem.compound:71384	UMLS:C0243050	0
pubchem.compound:5526	UMLS:C5231424	0
pubchem.compound:5834	UMLS:C0013902	0
pubchem.compound:11237762	UMLS:C4317124	0
pubchem.compound:13620391	UMLS:C2751315	0
pubchem.compound:160355	UMLS:C3552553	0
CHEMBL:CHEMBL441738	UMLS:C0015310	0
CHEMBL:CHEMBL3545168	UMLS:C0023316	0
pubchem.compound:4893	UMLS:C0153491	0
pubchem.compound:34359	UMLS:C4721845	0
CHEMBL:CHEMBL1201662	UMLS:C0238441	0
pubchem.compound:2370	UMLS:C0013274	0
pubchem.compound:12714644	UMLS:C4023248	0
pubchem.compound:6230	UMLS:C1707291	0
pubchem.compound:91430	UMLS:C0239842	0
pubchem.compound:4091	UMLS:C3501848	0
pubchem.compound:51349053	UMLS:C0268467	0
CHEMBL:CHEMBL4297566	UMLS:C1541923	0
CHEMBL:CHEMBL1201621	UMLS:C0001621	0
pubchem.compound:5210	UMLS:C0015230	0
pubchem.compound:11677589	UMLS:C4014553	0
pubchem.compound:46224413	UMLS:C4480969	0
pubchem.compound:122662112	UMLS:C0272315	0
CHEMBL:CHEMBL1201564	UMLS:C1835434	0
pubchem.compound:135398512	UMLS:C3463992	0
pubchem.compound:46883536	UMLS:C5679956	0
pubchem.compound:54841	UMLS:C4014641	0
pubchem.compound:5090	UMLS:C0007134	0
pubchem.compound:169870	UMLS:C0376407	0
pubchem.compound:6215	UMLS:C0014850	0
pubchem.compound:3345	UMLS:C4273988	0
pubchem.compound:13791	UMLS:C0031117	0
pubchem.compound:11462174	UMLS:C4255043	0
pubchem.compound:5741	UMLS:C3696898	0
pubchem.compound:11683556	UMLS:C0086981	0
pubchem.compound:71184	UMLS:C5567608	0
pubchem.compound:71412	UMLS:C1843355	0
pubchem.compound:6918132	UMLS:C0014553	0
pubchem.compound:23725423	UMLS:C0339143	0
pubchem.compound:10113978	UMLS:C0271385	0
CHEMBL:CHEMBL4594573	UMLS:C1858386	0
pubchem.compound:5419	UMLS:C0006309	0
CHEMBL:CHEMBL1742999	UMLS:C0003706	0
pubchem.compound:11640390	UMLS:C4540131	0
CHEMBL:CHEMBL4594730	UMLS:C4509024	0
pubchem.compound:135565884	UMLS:C0730292	0
pubchem.compound:4054	UMLS:C0005411	0
pubchem.compound:5018304	UMLS:C4511004	0
pubchem.compound:5754	UMLS:C0751815	0
pubchem.compound:657298	UMLS:C1445953	0
pubchem.compound:23667642	UMLS:C0268194	0
CHEMBL:CHEMBL4297744	UMLS:C0455988	0
CHEMBL:CHEMBL3039545	UMLS:C0431399	0
pubchem.compound:135398512	UMLS:C0271623	0
pubchem.compound:56639723	UMLS:C4020867	0
CHEMBL:CHEMBL1743082	UMLS:C3806482	0
pubchem.compound:71360	UMLS:C4706415	0
pubchem.compound:13342	UMLS:C4693367	0
pubchem.compound:54670351	UMLS:C1848702	0
pubchem.compound:62969	UMLS:C0398794	0
pubchem.compound:6436	UMLS:C4225331	0
pubchem.compound:9911830	UMLS:C0026838	0
pubchem.compound:5462328	UMLS:C0007194	0
pubchem.compound:13791	UMLS:C0268393	0
pubchem.compound:30751	UMLS:C1276035	0
pubchem.compound:54767229	UMLS:C0014116	0
pubchem.compound:23663996	UMLS:C0002878	0
pubchem.compound:3397	UMLS:C2930970	0
CHEMBL:CHEMBL1201466	UMLS:C5680525	0
pubchem.compound:6918305	UMLS:C0220697	0
pubchem.compound:46224413	UMLS:C1849394	0
pubchem.compound:4614	UMLS:C0028043	0
pubchem.compound:6918223	UMLS:C0014547	0
CHEMBL:CHEMBL4297788	UMLS:C3280785	0
pubchem.compound:16204922	UMLS:C0027661	0
pubchem.compound:30751	UMLS:C0236811	0
pubchem.compound:54575456	UMLS:C1858501	0
pubchem.compound:11167602	UMLS:C0013069	0
pubchem.compound:91430	UMLS:C2317073	0
pubchem.compound:60953	UMLS:C0021364	0
pubchem.compound:44610678	UMLS:C0023316	0
CHEMBL:CHEMBL1743029	UMLS:C2931367	0
pubchem.compound:9865528	UMLS:C5779549	0
pubchem.compound:11954316	UMLS:C0041834	0
CHEMBL:CHEMBL2108326	UMLS:C0149519	0
CHEMBL:CHEMBL1201668	UMLS:C0426817	0
pubchem.compound:9811353	UMLS:C5830322	0
pubchem.compound:667484	UMLS:C0013502	0
CHEMBL:CHEMBL3545168	UMLS:C0796154	0
CHEMBL:CHEMBL1201497	UMLS:C0598798	0
pubchem.compound:3826	UMLS:C0220743	0
pubchem.compound:15951529	UMLS:C3279699	0
CHEMBL:CHEMBL4297789	UMLS:C1854310	0
CHEMBL:CHEMBL4297950	UMLS:C0393571	0
pubchem.compound:11622909	UMLS:C1857811	0
pubchem.compound:6451149	UMLS:C5436685	0
CHEMBL:CHEMBL3707357	UMLS:C1541923	0
pubchem.compound:9794485	UMLS:C0152419	0
pubchem.compound:5754	UMLS:C1305122	0
pubchem.compound:5280360	UMLS:C0278878	0
pubchem.compound:2249	UMLS:C0857007	0
pubchem.compound:123596	UMLS:C0001815	0
pubchem.compound:5311181	UMLS:C0022658	0
pubchem.compound:6918011	UMLS:C1879362	0
CHEMBL:CHEMBL3989987	UMLS:C0400966	0
pubchem.compound:10660	UMLS:C0220994	0
pubchem.compound:59634741	UMLS:C0431368	0
pubchem.compound:71269142	UMLS:C0010072	0
pubchem.compound:82146	UMLS:C0033805	0
pubchem.compound:33624	UMLS:C3887992	0
pubchem.compound:59473233	UMLS:C1853833	0
pubchem.compound:249332	UMLS:C0265780	0
pubchem.compound:46220502	UMLS:C0029493	0
pubchem.compound:25017411	UMLS:C0085090	0
pubchem.compound:66259	UMLS:C4016412	0
pubchem.compound:5035	UMLS:C4016211	0
pubchem.compound:67462786	UMLS:C0024305	0
pubchem.compound:5284512	UMLS:C0004930	0
pubchem.compound:667484	UMLS:C4721414	0
pubchem.compound:3002977	UMLS:C0040136	0
pubchem.compound:5018304	UMLS:C4749284	0
CHEMBL:CHEMBL4297240	UMLS:C1834153	0
CHEMBL:CHEMBL2108581	UMLS:C1855340	0
pubchem.compound:129073603	UMLS:C4023408	0
pubchem.compound:444795	UMLS:C5774176	0
pubchem.compound:135565678	UMLS:C0020626	0
pubchem.compound:667484	UMLS:C0206682	0
pubchem.compound:9843750	UMLS:C0036875	0
pubchem.compound:23480	UMLS:C3890737	0
pubchem.compound:185460	UMLS:C3280296	0
pubchem.compound:54575456	UMLS:C2981140	0
pubchem.compound:23663959	UMLS:C5190593	0
pubchem.compound:131679	UMLS:C0008073	0
CHEMBL:CHEMBL1743081	UMLS:C1847014	0
pubchem.compound:54575456	UMLS:C0023891	0
pubchem.compound:3652	UMLS:C5829558	0
pubchem.compound:16004692	UMLS:C0399376	0
CHEMBL:CHEMBL1201564	UMLS:C0035344	0
CHEMBL:CHEMBL2107884	UMLS:C1849340	0
pubchem.compound:6450830	UMLS:C1866423	0
pubchem.compound:446220	UMLS:C0021400	0
pubchem.compound:3036703	UMLS:C1837397	0
pubchem.compound:11597698	UMLS:C1866560	0
CHEMBL:CHEMBL4650509	UMLS:C3809888	0
pubchem.compound:71184	UMLS:C0029445	0
pubchem.compound:3510	UMLS:C3809483	0
pubchem.compound:59774	UMLS:C1854988	0
pubchem.compound:564	UMLS:C0677866	0
CHEMBL:CHEMBL2107884	UMLS:C1257877	0
pubchem.compound:5978	UMLS:C0085129	0
CHEMBL:CHEMBL2108185	UMLS:C0025517	0
pubchem.compound:71491931	UMLS:C0036346	0
pubchem.compound:72950888	UMLS:C0339537	0
pubchem.compound:71491931	UMLS:C1854882	0
pubchem.compound:57469	UMLS:C0549622	0
pubchem.compound:107952	UMLS:C0153108	0
pubchem.compound:54678486	UMLS:C4014408	0
pubchem.compound:5284512	UMLS:C0264789	0
pubchem.compound:25062766	UMLS:C4225359	0
pubchem.compound:6279	UMLS:C0025294	0
pubchem.compound:2244	UMLS:C5680095	0
pubchem.compound:656665	UMLS:C0406723	0
pubchem.compound:3036505	UMLS:C0009402	0
CHEMBL:CHEMBL4594618	UMLS:C0011609	0
pubchem.compound:5281056	UMLS:C0022738	0
pubchem.compound:86764535	UMLS:C0086468	0
CHEMBL:CHEMBL1201836	UMLS:C1837618	0
pubchem.compound:4062	UMLS:C0220998	0
pubchem.compound:441347	UMLS:C0268393	0
CHEMBL:CHEMBL2108594	UMLS:C2751315	0
CHEMBL:CHEMBL4297832	UMLS:C0270496	0
CHEMBL:CHEMBL1201566	UMLS:C0158450	0
CHEMBL:CHEMBL1201583	UMLS:C2713368	0
CHEMBL:CHEMBL414357	UMLS:C5394384	0
pubchem.compound:4543	UMLS:C0020429	0
pubchem.compound:10413	UMLS:C0265306	0
pubchem.compound:9810532	UMLS:C0029227	0
pubchem.compound:6215	UMLS:C0028738	0
CHEMBL:CHEMBL4297723	UMLS:C0020626	0
CHEMBL:CHEMBL3545132	UMLS:C2931367	0
pubchem.compound:44631912	UMLS:C0030804	0
pubchem.compound:16760425	UMLS:C0678222	0
pubchem.compound:439693	UMLS:C0027819	0
CHEMBL:CHEMBL4594503	UMLS:C5681780	0
pubchem.compound:4768	UMLS:C0175754	0
pubchem.compound:25267009	UMLS:C0010674	0
pubchem.compound:122662112	UMLS:C3810107	0
pubchem.compound:135398745	UMLS:C4021618	0
pubchem.compound:175804	UMLS:C2675722	0
pubchem.compound:443939	UMLS:C1834752	0
pubchem.compound:443967	UMLS:C4225314	0
pubchem.compound:3652	UMLS:C0035078	0
pubchem.compound:656665	UMLS:C1836923	0
CHEMBL:CHEMBL1742994	UMLS:C0007789	0
pubchem.compound:65359	UMLS:C0265265	0
CHEMBL:CHEMBL2109058	UMLS:C5680507	0
pubchem.compound:104741	UMLS:C0085548	0
pubchem.compound:121587	UMLS:C0079583	0
pubchem.compound:3052762	UMLS:C0004134	0
pubchem.compound:148124	UMLS:C3489726	0
pubchem.compound:11450633	UMLS:C0266548	0
pubchem.compound:15981397	UMLS:C4023106	0
pubchem.compound:68727	UMLS:C0266464	0
pubchem.compound:11749858	UMLS:C0236780	0
pubchem.compound:2733	UMLS:C4225331	0
pubchem.compound:3022645	UMLS:C1292772	0
pubchem.compound:4075	UMLS:C0001824	0
pubchem.compound:17513	UMLS:C0876994	0
pubchem.compound:3354	UMLS:C0041948	0
pubchem.compound:63002	UMLS:C2930619	0
pubchem.compound:16961	UMLS:C0008372	0
pubchem.compound:16219577	UMLS:C3489726	0
CHEMBL:CHEMBL5314551	UMLS:C1970163	0
pubchem.compound:44631912	UMLS:C0022340	0
pubchem.compound:5035	UMLS:C3551954	0
CHEMBL:CHEMBL595	UMLS:C0025193	0
pubchem.compound:23725423	UMLS:C0265581	0
pubchem.compound:13290219	UMLS:C0031762	0
pubchem.compound:6604100	UMLS:C0154088	0
pubchem.compound:17755248	UMLS:C2678503	0
pubchem.compound:16051941	UMLS:C0221757	0
pubchem.compound:9832447	UMLS:C2751608	0
CHEMBL:CHEMBL1743044	UMLS:C0206711	0
pubchem.compound:2435	UMLS:C0085584	0
pubchem.compound:9651	UMLS:C2678503	0
pubchem.compound:10113978	UMLS:C0013423	0
pubchem.compound:3036703	UMLS:C5543406	0
CHEMBL:CHEMBL3833384	UMLS:C3150417	0
CHEMBL:CHEMBL2095222	UMLS:C1843153	0
pubchem.compound:11591741	UMLS:C0239234	0
pubchem.compound:129211	UMLS:C0232466	0
pubchem.compound:25078429	UMLS:C0149782	0
pubchem.compound:5523	UMLS:C0034362	0
pubchem.compound:60151560	UMLS:C4693367	0
pubchem.compound:5284443	UMLS:C1836451	0
pubchem.compound:123631	UMLS:C1858050	0
pubchem.compound:444020	UMLS:C0020635	0
pubchem.compound:10257882	UMLS:C0153567	0
CHEMBL:CHEMBL1201497	UMLS:C0004030	0
pubchem.compound:25108829	UMLS:C5680294	0
pubchem.compound:4195	UMLS:C5779776	0
CHEMBL:CHEMBL1742994	UMLS:C0006663	0
pubchem.compound:62937	UMLS:C0040997	0
pubchem.compound:5282452	UMLS:C0220662	0
pubchem.compound:9444	UMLS:C3809888	0
pubchem.compound:6420040	UMLS:C0002940	0
pubchem.compound:155434	UMLS:C3266898	0
CHEMBL:CHEMBL1742992	UMLS:C4021762	0
pubchem.compound:10113978	UMLS:C0010417	0
pubchem.compound:135413547	UMLS:C0024143	0
pubchem.compound:5282448	UMLS:C4551474	0
pubchem.compound:5361	UMLS:C3280785	0
pubchem.compound:49836020	UMLS:C0086774	0
pubchem.compound:57389999	UMLS:C0751688	0
CHEMBL:CHEMBL5095052	UMLS:C2676723	0
pubchem.compound:24958200	UMLS:C0854893	0
pubchem.compound:44610678	UMLS:C0017601	0
pubchem.compound:11442891	UMLS:C5774176	0
pubchem.compound:44623998	UMLS:C5543243	0
pubchem.compound:54767229	UMLS:C0013363	0
CHEMBL:CHEMBL4297788	UMLS:C1848137	0
CHEMBL:CHEMBL4297722	UMLS:C5193020	0
pubchem.compound:4369359	UMLS:C0029456	0
pubchem.compound:156391	UMLS:C0158450	0
pubchem.compound:5327686	UMLS:C1848201	0
pubchem.compound:36314	UMLS:C5829558	0
pubchem.compound:63002	UMLS:C3554398	0
pubchem.compound:5819	UMLS:C4015729	0
pubchem.compound:65015	UMLS:C0162872	0
pubchem.compound:6041	UMLS:C5830244	0
pubchem.compound:176870	UMLS:C0158760	0
pubchem.compound:5281104	UMLS:C0854723	0
pubchem.compound:44146842	UMLS:C1861923	0
pubchem.compound:68289010	UMLS:C0004138	0
pubchem.compound:24771867	UMLS:C1275116	0
pubchem.compound:5281884	UMLS:C5830322	0
pubchem.compound:9870520	UMLS:C4023408	0
pubchem.compound:25127112	UMLS:C0302592	0
pubchem.compound:62886	UMLS:C4083008	0
pubchem.compound:23674541	UMLS:C5235141	0
pubchem.compound:5709	UMLS:C0024305	0
pubchem.compound:11750009	UMLS:C0079731	0
CHEMBL:CHEMBL4297778	UMLS:C0752347	0
CHEMBL:CHEMBL4594730	UMLS:C0024115	0
pubchem.compound:3657	UMLS:C3495427	0
pubchem.compound:62937	UMLS:C3827273	0
pubchem.compound:121448788	UMLS:C3160719	0
pubchem.compound:25102847	UMLS:C0023267	0
pubchem.compound:451668	UMLS:C1868571	0
pubchem.compound:51039094	UMLS:C0264490	0
pubchem.compound:6018	UMLS:C1842587	0
pubchem.compound:21700	UMLS:C5231404	0
CHEMBL:CHEMBL2108738	UMLS:C2751324	0
pubchem.compound:5832	UMLS:C4016717	0
pubchem.compound:65264	UMLS:C0399372	0
pubchem.compound:23897	UMLS:C0543859	0
pubchem.compound:657298	UMLS:C0524851	0
CHEMBL:CHEMBL4650299	UMLS:C0008073	0
pubchem.compound:9875401	UMLS:C0162835	0
pubchem.compound:135565884	UMLS:C0038325	0
pubchem.compound:146570	UMLS:C0014170	0
pubchem.compound:44516822	UMLS:C1854301	0
pubchem.compound:24958200	UMLS:C5774232	0
pubchem.compound:5284373	UMLS:C5567608	0
pubchem.compound:9651	UMLS:C0149931	0
CHEMBL:CHEMBL1201567	UMLS:C0029410	0
pubchem.compound:3331	UMLS:C1859722	0
pubchem.compound:23634441	UMLS:C1843139	0
CHEMBL:CHEMBL1201568	UMLS:C1134719	0
pubchem.compound:11672602	UMLS:C1720824	0
pubchem.compound:26133	UMLS:C0027720	0
pubchem.compound:9871419	UMLS:C0040822	0
CHEMBL:CHEMBL3989986	UMLS:C4310722	0
pubchem.compound:11949646	UMLS:C0153460	0
pubchem.compound:2540	UMLS:C0162809	0
pubchem.compound:23666110	UMLS:C0206157	0
pubchem.compound:3033825	UMLS:C0005859	0
pubchem.compound:25074470	UMLS:C5830244	0
CHEMBL:CHEMBL1981592	UMLS:C0026846	0
pubchem.compound:6450551	UMLS:C1708371	0
pubchem.compound:11347535	UMLS:C0239842	0
pubchem.compound:5281078	UMLS:C1839730	0
CHEMBL:CHEMBL5315115	UMLS:C0027066	0
pubchem.compound:11354606	UMLS:C3665347	0
pubchem.compound:3354	UMLS:C0079924	0
CHEMBL:CHEMBL1201560	UMLS:C0020490	0
pubchem.compound:71464713	UMLS:C0238288	0
pubchem.compound:4091	UMLS:C0155015	0
pubchem.compound:60860	UMLS:C0041696	0
pubchem.compound:2801	UMLS:C0751748	0
pubchem.compound:4075	UMLS:C0345050	0
CHEMBL:CHEMBL1201539	UMLS:C0039538	0
pubchem.compound:896	UMLS:C3501848	0
CHEMBL:CHEMBL4298086	UMLS:C0153460	0
pubchem.compound:16102897	UMLS:C1541923	0
pubchem.compound:135398744	UMLS:C1832855	0
CHEMBL:CHEMBL2109457	UMLS:C0022661	0
CHEMBL:CHEMBL2108955	UMLS:C0040427	0
pubchem.compound:9933004	UMLS:C0149931	0
CHEMBL:CHEMBL4594492	UMLS:C0079745	0
pubchem.compound:6450830	UMLS:C1514422	0
pubchem.compound:9867812	UMLS:C0432197	0
pubchem.compound:9581	UMLS:C2936419	0
pubchem.compound:444020	UMLS:C0751830	0
pubchem.compound:16662431	UMLS:C0029804	0
pubchem.compound:3062316	UMLS:C1560305	0
pubchem.compound:171359946	UMLS:C0002874	0
pubchem.compound:9804938	UMLS:C0574080	0
pubchem.compound:6918456	UMLS:C1969063	0
CHEMBL:CHEMBL289228	UMLS:C0027643	0
pubchem.compound:164522	UMLS:C1299247	0
CHEMBL:CHEMBL1201572	UMLS:C4022699	0
pubchem.compound:26987	UMLS:C0011884	0
pubchem.compound:21826	UMLS:C0036349	0
pubchem.compound:68873	UMLS:C0740279	0
pubchem.compound:34312	UMLS:C0270549	0
pubchem.compound:208908	UMLS:C4016052	0
pubchem.compound:32169	UMLS:C4551501	0
CHEMBL:CHEMBL121	UMLS:C1847319	0
CHEMBL:CHEMBL1743087	UMLS:C0238463	0
CHEMBL:CHEMBL5315126	UMLS:C0024301	0
CHEMBL:CHEMBL1201657	UMLS:C0011269	0
CHEMBL:CHEMBL1743079	UMLS:C2675459	0
CHEMBL:CHEMBL4298079	UMLS:C0154860	0
pubchem.compound:14675	UMLS:C0265747	0
pubchem.compound:5918	UMLS:C0018203	0
CHEMBL:CHEMBL4594242	UMLS:C0023795	0
pubchem.compound:4510	UMLS:C3810089	0
pubchem.compound:4195	UMLS:C0162557	0
pubchem.compound:9883933	UMLS:C0003977	0
pubchem.compound:148124	UMLS:C1853118	0
pubchem.compound:5329102	UMLS:C0238198	0
pubchem.compound:24775005	UMLS:C4551602	0
CHEMBL:CHEMBL3707328	UMLS:C0520575	0
pubchem.compound:4510	UMLS:C1861884	0
pubchem.compound:60852	UMLS:C5436712	0
CHEMBL:CHEMBL4594242	UMLS:C4022839	0
pubchem.compound:9854012	UMLS:C5680525	0
pubchem.compound:135565923	UMLS:C5774315	0
pubchem.compound:60198	UMLS:C4085597	0
pubchem.compound:9941444	UMLS:C1704375	0
pubchem.compound:2216	UMLS:C5543243	0
pubchem.compound:4746	UMLS:C0206639	0
pubchem.compound:4116	UMLS:C0017668	0
pubchem.compound:135413539	UMLS:C5231424	0
pubchem.compound:4236	UMLS:C1863616	0
pubchem.compound:5353622	UMLS:C1833118	0
pubchem.compound:4616	UMLS:C3715164	0
pubchem.compound:441345	UMLS:C4693531	0
CHEMBL:CHEMBL3707314	UMLS:C3714927	0
CHEMBL:CHEMBL2108955	UMLS:C4551910	0
pubchem.compound:16219577	UMLS:C1720860	0
pubchem.compound:5472	UMLS:C1849348	0
pubchem.compound:151075	UMLS:C0348371	0
pubchem.compound:451668	UMLS:C0026764	0
pubchem.compound:3356	UMLS:C4273747	0
pubchem.compound:441347	UMLS:C1857574	0
pubchem.compound:6435415	UMLS:C0302592	0
pubchem.compound:25074470	UMLS:C0887850	0
pubchem.compound:5310966	UMLS:C0393814	0
CHEMBL:CHEMBL4297955	UMLS:C0036572	0
pubchem.compound:3354	UMLS:C0270914	0
pubchem.compound:71158	UMLS:C4012727	0
pubchem.compound:119182	UMLS:C4704767	0
pubchem.compound:156009451	UMLS:C0553604	0
CHEMBL:CHEMBL1201621	UMLS:C5680510	0
pubchem.compound:53235510	UMLS:C0431362	0
pubchem.compound:134780	UMLS:C0011615	0
pubchem.compound:108000	UMLS:C5680452	0
pubchem.compound:2724385	UMLS:C4479526	0
CHEMBL:CHEMBL1201539	UMLS:C0040822	0
pubchem.compound:138713709	UMLS:C3809781	0
CHEMBL:CHEMBL5314348	UMLS:C3711384	0
pubchem.compound:175805	UMLS:C0029591	0
pubchem.compound:134821691	UMLS:C3463824	0
pubchem.compound:5327686	UMLS:C1868114	0
CHEMBL:CHEMBL1201565	UMLS:C3809665	0
pubchem.compound:5909	UMLS:C4310764	0
pubchem.compound:5910	UMLS:C0039101	0
pubchem.compound:117761397	UMLS:C4329780	0
pubchem.compound:129269915	UMLS:C0751036	0
pubchem.compound:5282411	UMLS:C0553604	0
pubchem.compound:135410875	UMLS:C0854893	0
pubchem.compound:24847757	UMLS:C1846862	0
pubchem.compound:148197	UMLS:C4016264	0
pubchem.compound:446541	UMLS:C2316810	0
CHEMBL:CHEMBL1201631	UMLS:C0265780	0
CHEMBL:CHEMBL4297990	UMLS:C3665386	0
CHEMBL:CHEMBL1201716	UMLS:C4013560	0
pubchem.compound:20112022	UMLS:C0206710	0
pubchem.compound:135410875	UMLS:C0085762	0
pubchem.compound:1254	UMLS:C3541994	0
CHEMBL:CHEMBL3039547	UMLS:C0152455	0
pubchem.compound:13620391	UMLS:C2748542	0
pubchem.compound:7029	UMLS:C4310808	0
pubchem.compound:90661668	UMLS:C3280790	0
pubchem.compound:59634741	UMLS:C4708599	0
pubchem.compound:5206	UMLS:C0265004	0
pubchem.compound:444036	UMLS:C0009917	0
pubchem.compound:23642301	UMLS:C1843355	0
pubchem.compound:39186	UMLS:C1867969	0
CHEMBL:CHEMBL4297879	UMLS:C0751495	0
CHEMBL:CHEMBL4297779	UMLS:C4540040	0
pubchem.compound:9933475	UMLS:C0155773	0
pubchem.compound:23634441	UMLS:C0008625	0
pubchem.compound:155434	UMLS:C0018799	0
pubchem.compound:56959	UMLS:C3553788	0
CHEMBL:CHEMBL4297877	UMLS:C3275495	0
pubchem.compound:5284596	UMLS:C3809665	0
CHEMBL:CHEMBL3833342	UMLS:C1857811	0
pubchem.compound:5280360	UMLS:C0011436	0
pubchem.compound:11354606	UMLS:C0041295	0
pubchem.compound:219025	UMLS:C0006111	0
pubchem.compound:4449	UMLS:C2750246	0
pubchem.compound:11274333	UMLS:C0158731	0
pubchem.compound:124246	UMLS:C0152013	0
CHEMBL:CHEMBL5095303	UMLS:C3532934	0
pubchem.compound:5282440	UMLS:C0020507	0
pubchem.compound:5408	UMLS:C0029574	0
pubchem.compound:261004	UMLS:C0022716	0
pubchem.compound:23635314	UMLS:C0266589	0
CHEMBL:CHEMBL4297832	UMLS:C5681601	0
pubchem.compound:166625231	UMLS:C4747743	0
pubchem.compound:92253	UMLS:C4041558	0
pubchem.compound:52938427	UMLS:C0948039	0
pubchem.compound:3038525	UMLS:C0949690	0
pubchem.compound:636362	UMLS:C1334603	0
CHEMBL:CHEMBL2109636	UMLS:C1301355	0
CHEMBL:CHEMBL4594316	UMLS:C0333641	0
pubchem.compound:12714644	UMLS:C3279657	0
pubchem.compound:53359	UMLS:C0013502	0
pubchem.compound:9903778	UMLS:C0156257	0
pubchem.compound:23706212	UMLS:C0153107	0
pubchem.compound:12555	UMLS:C0018203	0
pubchem.compound:6215	UMLS:C4748770	0
CHEMBL:CHEMBL4298124	UMLS:C3495591	0
CHEMBL:CHEMBL4297887	UMLS:C0006267	0
pubchem.compound:11683	UMLS:C0079154	0
pubchem.compound:4095	UMLS:C0013423	0
pubchem.compound:441347	UMLS:C1963943	0
CHEMBL:CHEMBL1201420	UMLS:C3541471	0
pubchem.compound:166625218	UMLS:C3554517	0
pubchem.compound:145948323	UMLS:C5548198	0
pubchem.compound:121892	UMLS:C0751527	0
pubchem.compound:3081361	UMLS:C0017601	0
pubchem.compound:47909	UMLS:C0221765	0
pubchem.compound:135401907	UMLS:C0024117	0
pubchem.compound:249332	UMLS:C0031069	0
pubchem.compound:2801	UMLS:C0234162	0
pubchem.compound:5311067	UMLS:C0026010	0
pubchem.compound:66599893	UMLS:C0023895	0
pubchem.compound:71600085	UMLS:C0031762	0
pubchem.compound:9871419	UMLS:C0035300	0
pubchem.compound:3033	UMLS:C0024624	0
pubchem.compound:9811834	UMLS:C0012242	0
pubchem.compound:6918638	UMLS:C0085207	0
pubchem.compound:6918486	UMLS:C5190593	0
pubchem.compound:126565	UMLS:C0036095	0
pubchem.compound:25078429	UMLS:C1720824	0
pubchem.compound:636362	UMLS:C2711630	0
pubchem.compound:11326715	UMLS:C0079541	0
pubchem.compound:126565	UMLS:C0017181	0
pubchem.compound:71577426	UMLS:C0028043	0
pubchem.compound:59473233	UMLS:C0242342	0
pubchem.compound:91809208	UMLS:C1854301	0
pubchem.compound:117947097	UMLS:C3714992	0
pubchem.compound:4020	UMLS:C0235032	0
CHEMBL:CHEMBL4594331	UMLS:C0033141	0
pubchem.compound:5018304	UMLS:C4021387	0
pubchem.compound:9829523	UMLS:C0011195	0
CHEMBL:CHEMBL3301574	UMLS:C1563709	0
pubchem.compound:60606	UMLS:C0027497	0
CHEMBL:CHEMBL2108334	UMLS:C0032897	0
CHEMBL:CHEMBL1201421	UMLS:C4746984	0
pubchem.compound:23729157	UMLS:C0079772	0
pubchem.compound:71600085	UMLS:C0017181	0
CHEMBL:CHEMBL1201575	UMLS:C0028738	0
pubchem.compound:446220	UMLS:C4022738	0
CHEMBL:CHEMBL4298209	UMLS:C0334389	0
pubchem.compound:50225	UMLS:C2677903	0
pubchem.compound:3964	UMLS:C0687120	0
pubchem.compound:10158453	UMLS:C0040034	0
pubchem.compound:5523	UMLS:C1843355	0
CHEMBL:CHEMBL4297566	UMLS:C4016375	0
pubchem.compound:54767229	UMLS:C0029456	0
pubchem.compound:3002977	UMLS:C0011156	0
CHEMBL:CHEMBL1743041	UMLS:C0206682	0
pubchem.compound:4418	UMLS:C4721891	0
CHEMBL:CHEMBL289228	UMLS:C0034065	0
pubchem.compound:8730	UMLS:C0266589	0
pubchem.compound:23480	UMLS:C0011206	0
pubchem.compound:5734	UMLS:C0008780	0
CHEMBL:CHEMBL4594357	UMLS:C0152236	0
pubchem.compound:134821691	UMLS:C4479431	0
pubchem.compound:14219	UMLS:C0020534	0
pubchem.compound:160355	UMLS:C4751115	0
CHEMBL:CHEMBL4650469	UMLS:C0154909	0
pubchem.compound:5574	UMLS:C0038273	0
pubchem.compound:1548953	UMLS:C0235820	0
pubchem.compound:25253377	UMLS:C3463992	0
pubchem.compound:2381	UMLS:C4310728	0
pubchem.compound:135398737	UMLS:C1846648	0
pubchem.compound:5388962	UMLS:C1869117	0
pubchem.compound:24780598	UMLS:C0750442	0
pubchem.compound:11552706	UMLS:C4273714	0
pubchem.compound:72950888	UMLS:C1843156	0
CHEMBL:CHEMBL4298209	UMLS:C4748840	0
pubchem.compound:5352062	UMLS:C0023467	0
pubchem.compound:13109	UMLS:C0265226	0
pubchem.compound:78131177	UMLS:C0022665	0
pubchem.compound:39042	UMLS:C4316903	0
pubchem.compound:132999	UMLS:C1865871	0
CHEMBL:CHEMBL4650518	UMLS:C0677776	0
pubchem.compound:62920	UMLS:C0268059	0
pubchem.compound:71269142	UMLS:C3160719	0
pubchem.compound:21826	UMLS:C1836651	0
CHEMBL:CHEMBL3989987	UMLS:C1510502	0
pubchem.compound:71717200	UMLS:C0178417	0
CHEMBL:CHEMBL3039545	UMLS:C0020542	0
pubchem.compound:644241	UMLS:C1843386	0
pubchem.compound:110635	UMLS:C5680452	0
pubchem.compound:67462786	UMLS:C0001175	0
CHEMBL:CHEMBL1201697	UMLS:C1568247	0
CHEMBL:CHEMBL4298176	UMLS:C1849811	0
pubchem.compound:25126798	UMLS:C1836906	0
pubchem.compound:5281004	UMLS:C1847605	0
pubchem.compound:146570	UMLS:C0268579	0
pubchem.compound:16204922	UMLS:C0040427	0
CHEMBL:CHEMBL4297949	UMLS:C0027059	0
pubchem.compound:31100	UMLS:C4539997	0
pubchem.compound:4999	UMLS:C4015368	0
pubchem.compound:72202474	UMLS:C1836651	0
pubchem.compound:181458	UMLS:C0339535	0
pubchem.compound:53359	UMLS:C4273660	0
CHEMBL:CHEMBL5314348	UMLS:C3279392	0
pubchem.compound:4062	UMLS:C0000889	0
pubchem.compound:71481097	UMLS:C1862511	0
pubchem.compound:5280723	UMLS:C0030554	0
pubchem.compound:3157	UMLS:C1135196	0
CHEMBL:CHEMBL5314551	UMLS:C3810404	0
CHEMBL:CHEMBL4297955	UMLS:C5679956	0
pubchem.compound:53465279	UMLS:C0002895	0
pubchem.compound:5833	UMLS:C4755257	0
pubchem.compound:4499	UMLS:C0008625	0
pubchem.compound:90661668	UMLS:C1861863	0
pubchem.compound:46220502	UMLS:C2673866	0
CHEMBL:CHEMBL4297715	UMLS:C4053775	0
pubchem.compound:24958200	UMLS:C1136210	0
pubchem.compound:448601	UMLS:C0031900	0
pubchem.compound:3385	UMLS:C3150968	0
pubchem.compound:179344	UMLS:C1857811	0
pubchem.compound:11285792	UMLS:C1327918	0
pubchem.compound:4201	UMLS:C5567789	0
pubchem.compound:9828911	UMLS:C0265010	0
CHEMBL:CHEMBL2108034	UMLS:C0265220	0
pubchem.compound:5546	UMLS:C1850451	0
pubchem.compound:28620	UMLS:C0038525	0
pubchem.compound:5288826	UMLS:C0155568	0
pubchem.compound:2519	UMLS:C0029463	0
pubchem.compound:5487427	UMLS:C0270912	0
pubchem.compound:4168	UMLS:C5394384	0
pubchem.compound:451668	UMLS:C0004138	0
pubchem.compound:4037	UMLS:C0235833	0
pubchem.compound:86567195	UMLS:C0086774	0
pubchem.compound:5408	UMLS:C0010674	0
pubchem.compound:26758	UMLS:C0587246	0
pubchem.compound:8730	UMLS:C4751168	0
CHEMBL:CHEMBL1201574	UMLS:C0221074	0
pubchem.compound:25062766	UMLS:C5816691	0
pubchem.compound:11125	UMLS:C3552553	0
pubchem.compound:121396	UMLS:C4021760	0
pubchem.compound:135398512	UMLS:C0338480	0
CHEMBL:CHEMBL3137343	UMLS:C0036857	0
pubchem.compound:71717894	UMLS:C0265747	0
pubchem.compound:44516822	UMLS:C4708599	0
CHEMBL:CHEMBL1201697	UMLS:C0338585	0
pubchem.compound:4616	UMLS:C0270855	0
CHEMBL:CHEMBL4594331	UMLS:C0342687	0
pubchem.compound:1983	UMLS:C1704375	0
pubchem.compound:3052762	UMLS:C0008519	0
pubchem.compound:129228	UMLS:C0039685	0
pubchem.compound:16760285	UMLS:C0010036	0
CHEMBL:CHEMBL1201467	UMLS:C0340804	0
pubchem.compound:44251769	UMLS:C2750509	0
pubchem.compound:11250647	UMLS:C0003723	0
pubchem.compound:155434	UMLS:C2875058	0
pubchem.compound:6883	UMLS:C2751321	0
pubchem.compound:2895	UMLS:C0158450	0
pubchem.compound:86707828	UMLS:C5830322	0
CHEMBL:CHEMBL2108611	UMLS:C0023467	0
CHEMBL:CHEMBL1201560	UMLS:C2673866	0
pubchem.compound:52911611	UMLS:C0278883	0
pubchem.compound:16129483	UMLS:C3501611	0
pubchem.compound:54671203	UMLS:C0239998	0
pubchem.compound:3157	UMLS:C0546264	0
pubchem.compound:9838712	UMLS:C5437588	0
CHEMBL:CHEMBL3707325	UMLS:C0152419	0
pubchem.compound:9811353	UMLS:C4021618	0
pubchem.compound:4595	UMLS:C3280296	0
pubchem.compound:2375	UMLS:C1842587	0
pubchem.compound:134156377	UMLS:C0520575	0
CHEMBL:CHEMBL2109103	UMLS:C0029513	0
pubchem.compound:23480	UMLS:C0086981	0
pubchem.compound:4499	UMLS:C0023264	0
pubchem.compound:62857	UMLS:C0079744	0
pubchem.compound:2249	UMLS:C2675718	0
CHEMBL:CHEMBL1742991	UMLS:C0553707	0
CHEMBL:CHEMBL3545412	UMLS:C4025739	0
pubchem.compound:23663991	UMLS:C0008373	0
pubchem.compound:23652731	UMLS:C0280725	0
pubchem.compound:49831257	UMLS:C0086468	0
pubchem.compound:9782	UMLS:C0206711	0
pubchem.compound:9864881	UMLS:C0024143	0
pubchem.compound:17755248	UMLS:C0154631	0
pubchem.compound:11519069	UMLS:C0206663	0
pubchem.compound:5206	UMLS:C5676978	0
pubchem.compound:185460	UMLS:C4022738	0
pubchem.compound:155815	UMLS:C0162823	0
CHEMBL:CHEMBL2108278	UMLS:C3696898	0
pubchem.compound:60854	UMLS:C0234629	0
pubchem.compound:2092	UMLS:C4748759	0
CHEMBL:CHEMBL2095222	UMLS:C0029928	0
pubchem.compound:49831411	UMLS:C1867439	0
CHEMBL:CHEMBL413	UMLS:C0001175	0
pubchem.compound:115237	UMLS:C5681639	0
CHEMBL:CHEMBL4594503	UMLS:C3553661	0
pubchem.compound:135413523	UMLS:C4015235	0
pubchem.compound:62923	UMLS:C3808377	0
pubchem.compound:637568	UMLS:C0024790	0
CHEMBL:CHEMBL1201539	UMLS:C5444223	0
pubchem.compound:2732	UMLS:C0152031	0
pubchem.compound:126506029	UMLS:C0795950	0
CHEMBL:CHEMBL3301582	UMLS:C0005683	0
pubchem.compound:11965427	UMLS:C1850900	0
pubchem.compound:12947	UMLS:C0018273	0
pubchem.compound:11622909	UMLS:C0039841	0
pubchem.compound:3052776	UMLS:C3151519	0
CHEMBL:CHEMBL3833307	UMLS:C1858496	0
pubchem.compound:25267009	UMLS:C0086132	0
pubchem.compound:172197	UMLS:C2675459	0
CHEMBL:CHEMBL1742992	UMLS:C0454644	0
pubchem.compound:13791	UMLS:C2676042	0
pubchem.compound:46207586	UMLS:C4540131	0
pubchem.compound:154257	UMLS:C4021107	0
CHEMBL:CHEMBL1201662	UMLS:C0034067	0
pubchem.compound:23652731	UMLS:C1836448	0
CHEMBL:CHEMBL1201834	UMLS:C0432238	0
CHEMBL:CHEMBL4594326	UMLS:C1856184	0
pubchem.compound:171359946	UMLS:C0027947	0
pubchem.compound:9865515	UMLS:C1850049	0
pubchem.compound:11442891	UMLS:C4023248	0
pubchem.compound:3510	UMLS:C0403397	0
pubchem.compound:5877	UMLS:C3489627	0
pubchem.compound:3333	UMLS:C3281153	0
pubchem.compound:9854012	UMLS:C0149721	0
CHEMBL:CHEMBL1201421	UMLS:C0026837	0
pubchem.compound:104850	UMLS:C0011882	0
pubchem.compound:49836020	UMLS:C2932714	0
pubchem.compound:5327686	UMLS:C0013069	0
pubchem.compound:134823897	UMLS:C0338831	0
pubchem.compound:3827	UMLS:C2931816	0
pubchem.compound:9870520	UMLS:C1853242	0
CHEMBL:CHEMBL4298089	UMLS:C3554355	0
pubchem.compound:4171	UMLS:C1853743	0
CHEMBL:CHEMBL4297728	UMLS:C1849075	0
pubchem.compound:451668	UMLS:C0011991	0
pubchem.compound:53232	UMLS:C0026766	0
pubchem.compound:23663403	UMLS:C1835671	0
pubchem.compound:3052762	UMLS:C2698311	0
CHEMBL:CHEMBL1201567	UMLS:C0024236	0
pubchem.compound:5152	UMLS:C4302893	0
pubchem.compound:46207586	UMLS:C0151779	0
CHEMBL:CHEMBL2107863	UMLS:C1968843	0
pubchem.compound:68029831	UMLS:C5436695	0
CHEMBL:CHEMBL1237023	UMLS:C0751688	0
pubchem.compound:118878093	UMLS:C0752127	0
CHEMBL:CHEMBL1201574	UMLS:C0040433	0
pubchem.compound:9294	UMLS:C0751688	0
CHEMBL:CHEMBL4297829	UMLS:C0158450	0
pubchem.compound:9400	UMLS:C2675719	0
pubchem.compound:135413539	UMLS:C1335469	0
pubchem.compound:11167602	UMLS:C0854723	0
pubchem.compound:5284549	UMLS:C3489728	0
pubchem.compound:110635	UMLS:C5676881	0
pubchem.compound:3779	UMLS:C0019034	0
pubchem.compound:5593	UMLS:C0018128	0
CHEMBL:CHEMBL3301582	UMLS:C0020445	0
CHEMBL:CHEMBL4650469	UMLS:C0265264	0
pubchem.compound:59227	UMLS:C1854369	0
pubchem.compound:175805	UMLS:C0029531	0
CHEMBL:CHEMBL2108581	UMLS:C0041408	0
pubchem.compound:3763	UMLS:C5779546	0
pubchem.compound:441336	UMLS:C0078917	0
CHEMBL:CHEMBL4594730	UMLS:C3151037	0
pubchem.compound:55245	UMLS:C0086981	0
pubchem.compound:2801	UMLS:C0022387	0
CHEMBL:CHEMBL2108185	UMLS:C0020630	0
pubchem.compound:1983	UMLS:C4540040	0
CHEMBL:CHEMBL2109093	UMLS:C0431362	0
pubchem.compound:3821	UMLS:C0241932	0
pubchem.compound:10184665	UMLS:C1854416	0
pubchem.compound:62882	UMLS:C0750935	0
pubchem.compound:31100	UMLS:C0948089	0
CHEMBL:CHEMBL2108893	UMLS:C1335167	0
CHEMBL:CHEMBL1743034	UMLS:C5561925	0
CHEMBL:CHEMBL4650398	UMLS:C1867904	0
pubchem.compound:4614	UMLS:C0268146	0
CHEMBL:CHEMBL2107857	UMLS:C0878683	0
pubchem.compound:3151	UMLS:C5543406	0
pubchem.compound:3386	UMLS:C2677637	0
pubchem.compound:9828911	UMLS:C4021727	0
pubchem.compound:124081865	UMLS:C4016052	0
pubchem.compound:5504	UMLS:C0011633	0
pubchem.compound:42611257	UMLS:C3280415	0
pubchem.compound:449193	UMLS:C1852091	0
CHEMBL:CHEMBL3833346	UMLS:C0339541	0
pubchem.compound:5281025	UMLS:C0029574	0
pubchem.compound:91885457	UMLS:C0266464	0
pubchem.compound:5362119	UMLS:C1301509	0
pubchem.compound:30668	UMLS:C1867743	0
pubchem.compound:145948323	UMLS:C0019337	0
pubchem.compound:445643	UMLS:C0344925	0
CHEMBL:CHEMBL1201468	UMLS:C4539919	0
pubchem.compound:5556	UMLS:C5394081	0
pubchem.compound:52938427	UMLS:C0079744	0
CHEMBL:CHEMBL1201834	UMLS:C0009207	0
pubchem.compound:58557659	UMLS:C0022876	0
pubchem.compound:5816	UMLS:C0085610	0
pubchem.compound:41114	UMLS:C0042842	0
pubchem.compound:3081361	UMLS:C0162529	0
pubchem.compound:11750009	UMLS:C0032617	0
pubchem.compound:3549980	UMLS:C0043345	0
CHEMBL:CHEMBL2109465	UMLS:C2936694	0
pubchem.compound:148124	UMLS:C0270763	0
pubchem.compound:3549980	UMLS:C4016274	0
pubchem.compound:5906	UMLS:C0009806	0
pubchem.compound:121448788	UMLS:C4011403	0
pubchem.compound:45138699	UMLS:C1708353	0
pubchem.compound:64929	UMLS:C0271694	0
pubchem.compound:11125	UMLS:C4025797	0
pubchem.compound:54678486	UMLS:C1861866	0
pubchem.compound:4474	UMLS:C5543257	0
CHEMBL:CHEMBL1201581	UMLS:C0266463	0
pubchem.compound:5282411	UMLS:C0243050	0
pubchem.compound:2678	UMLS:C4310764	0
pubchem.compound:58438464	UMLS:C0342381	0
pubchem.compound:11434515	UMLS:C5774279	0
pubchem.compound:11477084	UMLS:C0025568	0
pubchem.compound:77991	UMLS:C3279754	0
pubchem.compound:5291	UMLS:C0023895	0
pubchem.compound:4633	UMLS:C0206627	0
pubchem.compound:216235	UMLS:C1840427	0
pubchem.compound:5487427	UMLS:C1332219	0
pubchem.compound:107782	UMLS:C4693843	0
pubchem.compound:68873	UMLS:C4551675	0
pubchem.compound:6834	UMLS:C0588008	0
pubchem.compound:155815	UMLS:C1510489	0
pubchem.compound:16362	UMLS:C0085090	0
pubchem.compound:73417116	UMLS:C4022814	0
CHEMBL:CHEMBL1742999	UMLS:C0018784	0
CHEMBL:CHEMBL2109430	UMLS:C0041327	0
pubchem.compound:28620	UMLS:C2677770	0
pubchem.compound:11519070	UMLS:C0032460	0
pubchem.compound:60852	UMLS:C0004135	0
pubchem.compound:637568	UMLS:C0042164	0
CHEMBL:CHEMBL2109465	UMLS:C0810364	0
pubchem.compound:159603	UMLS:C0745103	0
pubchem.compound:44126305	UMLS:C0345447	0
pubchem.compound:3081927	UMLS:C0018524	0
CHEMBL:CHEMBL3707314	UMLS:C4225429	0
CHEMBL:CHEMBL4297715	UMLS:C0264885	0
pubchem.compound:9829523	UMLS:C0007398	0
pubchem.compound:54671203	UMLS:C0042514	0
pubchem.compound:4485	UMLS:C4540358	0
pubchem.compound:3059	UMLS:C3549845	0
pubchem.compound:387447	UMLS:C4748455	0
CHEMBL:CHEMBL2107862	UMLS:C0948039	0
pubchem.compound:9831643	UMLS:C3553450	0
pubchem.compound:439693	UMLS:C4014641	0
pubchem.compound:3000322	UMLS:C5203670	0
pubchem.compound:3052776	UMLS:C0023480	0
pubchem.compound:30751	UMLS:C0677776	0
pubchem.compound:36811	UMLS:C0022521	0
pubchem.compound:5282452	UMLS:C0005859	0
pubchem.compound:3292	UMLS:C0000889	0
pubchem.compound:54676537	UMLS:C4015388	0
pubchem.compound:131634231	UMLS:C1970859	0
pubchem.compound:16722836	UMLS:C0009207	0
CHEMBL:CHEMBL1743029	UMLS:C0042138	0
CHEMBL:CHEMBL4297778	UMLS:C0085762	0
pubchem.compound:5401	UMLS:C0023530	0
pubchem.compound:3478	UMLS:C4225303	0
CHEMBL:CHEMBL1201558	UMLS:C1861884	0
pubchem.compound:45255840	UMLS:C0023518	0
pubchem.compound:5090	UMLS:C0042384	0
pubchem.compound:9818306	UMLS:C0522224	0
CHEMBL:CHEMBL1201581	UMLS:C4016716	0
pubchem.compound:10174505	UMLS:C0085129	0
CHEMBL:CHEMBL1201564	UMLS:C5680510	0
CHEMBL:CHEMBL5314348	UMLS:C1112256	0
pubchem.compound:74763937	UMLS:C1855457	0
pubchem.compound:11711522	UMLS:C0152200	0
pubchem.compound:9581	UMLS:C0003123	0
pubchem.compound:11672602	UMLS:C2931132	0
CHEMBL:CHEMBL5315048	UMLS:C1334603	0
pubchem.compound:449193	UMLS:C3463992	0
pubchem.compound:9903970	UMLS:C5543491	0
pubchem.compound:5280453	UMLS:C4273747	0
pubchem.compound:441358	UMLS:C2700405	0
CHEMBL:CHEMBL2109667	UMLS:C4510897	0
CHEMBL:CHEMBL4297566	UMLS:C5676881	0
CHEMBL:CHEMBL5315115	UMLS:C0162871	0
pubchem.compound:9829523	UMLS:C4707848	0
pubchem.compound:54671203	UMLS:C0221026	0
pubchem.compound:46216796	UMLS:C0018099	0
pubchem.compound:2153	UMLS:C1449843	0
pubchem.compound:24776445	UMLS:C1854021	0
CHEMBL:CHEMBL4297566	UMLS:C4329780	0
pubchem.compound:23897	UMLS:C0028960	0
pubchem.compound:23652731	UMLS:C1864872	0
CHEMBL:CHEMBL2109379	UMLS:C0265265	0
CHEMBL:CHEMBL3833373	UMLS:C0017636	0
pubchem.compound:3345	UMLS:C3279754	0
pubchem.compound:60753	UMLS:C0007166	0
pubchem.compound:5754	UMLS:C0028738	0
pubchem.compound:5732	UMLS:C1865866	0
CHEMBL:CHEMBL5315080	UMLS:C0031511	0
pubchem.compound:157313	UMLS:C0008925	0
pubchem.compound:5656	UMLS:C0042510	0
pubchem.compound:71657455	UMLS:C0345958	0
pubchem.compound:4946	UMLS:C5436712	0
pubchem.compound:71811910	UMLS:C0858617	0
pubchem.compound:11561674	UMLS:C0011609	0
pubchem.compound:131634231	UMLS:C1285162	0
CHEMBL:CHEMBL191	UMLS:C0242788	0
pubchem.compound:441409	UMLS:C1855304	0
CHEMBL:CHEMBL1743085	UMLS:C1853863	0
pubchem.compound:65326	UMLS:C3640024	0
pubchem.compound:10288191	UMLS:C0015674	0
pubchem.compound:11338033	UMLS:C2720293	0
pubchem.compound:5472	UMLS:C4747891	0
pubchem.compound:65359	UMLS:C3838076	0
pubchem.compound:4075	UMLS:C0235833	0
pubchem.compound:10343454	UMLS:C0243026	0
pubchem.compound:3038	UMLS:C0038273	0
pubchem.compound:9871419	UMLS:C0853193	0
pubchem.compound:91754527	UMLS:C1848599	0
CHEMBL:CHEMBL4594618	UMLS:C3150343	0
pubchem.compound:10182969	UMLS:C0157918	0
pubchem.compound:4205	UMLS:C0342687	0
pubchem.compound:82153	UMLS:C0338656	0
pubchem.compound:2157	UMLS:C0011757	0
pubchem.compound:11285002	UMLS:C1865384	0
pubchem.compound:2754	UMLS:C3827273	0
pubchem.compound:446157	UMLS:C0266548	0
pubchem.compound:4062	UMLS:C5562039	0
pubchem.compound:9955977	UMLS:C1720860	0
pubchem.compound:5743	UMLS:C0362046	0
pubchem.compound:60953	UMLS:C0206656	0
CHEMBL:CHEMBL1201539	UMLS:C1842870	0
pubchem.compound:2723601	UMLS:C0006267	0
pubchem.compound:5388962	UMLS:C0678230	0
CHEMBL:CHEMBL2109204	UMLS:C3714927	0
pubchem.compound:5328940	UMLS:C3146244	0
CHEMBL:CHEMBL4297770	UMLS:C1858854	0
pubchem.compound:2083	UMLS:C5436823	0
CHEMBL:CHEMBL1201476	UMLS:C5442191	0
pubchem.compound:9920716	UMLS:C5437588	0
pubchem.compound:38945	UMLS:C0002896	0
pubchem.compound:9886917	UMLS:C0153416	0
pubchem.compound:24987688	UMLS:C1847014	0
pubchem.compound:86707828	UMLS:C0007781	0
pubchem.compound:1549000	UMLS:C0162565	0
CHEMBL:CHEMBL2108611	UMLS:C0268393	0
pubchem.compound:25134303	UMLS:C0431363	0
pubchem.compound:44462760	UMLS:C4281785	0
pubchem.compound:4922	UMLS:C0085207	0
pubchem.compound:44093	UMLS:C0020757	0
pubchem.compound:2789	UMLS:C1850900	0
pubchem.compound:58557659	UMLS:C0268467	0
pubchem.compound:443939	UMLS:C0149745	0
pubchem.compound:5284443	UMLS:C4310715	0
pubchem.compound:44181686	UMLS:C0543888	0
pubchem.compound:9887712	UMLS:C0002938	0
pubchem.compound:68540	UMLS:C0079745	0
CHEMBL:CHEMBL2108723	UMLS:C0178417	0
pubchem.compound:441074	UMLS:C0032897	0
pubchem.compound:3549980	UMLS:C0020517	0
CHEMBL:CHEMBL1201549	UMLS:C4479476	0
pubchem.compound:216239	UMLS:C0349639	0
CHEMBL:CHEMBL4298089	UMLS:C5561925	0
pubchem.compound:10133	UMLS:C2677770	0
pubchem.compound:5284627	UMLS:C0740279	0
pubchem.compound:86294127	UMLS:C3280378	0
pubchem.compound:16004692	UMLS:C0002736	0
pubchem.compound:44482554	UMLS:C2748542	0
pubchem.compound:6047	UMLS:C3553843	0
pubchem.compound:11671467	UMLS:C5575702	0
pubchem.compound:3869	UMLS:C0029408	0
CHEMBL:CHEMBL2108666	UMLS:C0949664	0
pubchem.compound:216210	UMLS:C4016274	0
pubchem.compound:5878	UMLS:C0014868	0
pubchem.compound:119570	UMLS:C0585362	0
pubchem.compound:5282409	UMLS:C5680510	0
pubchem.compound:52938427	UMLS:C1866558	0
pubchem.compound:2265	UMLS:C0037221	0
pubchem.compound:5352062	UMLS:C0272242	0
pubchem.compound:4411	UMLS:C0025281	0
pubchem.compound:441358	UMLS:C4721891	0
pubchem.compound:89683805	UMLS:C0687132	0
pubchem.compound:24821094	UMLS:C0848558	0
CHEMBL:CHEMBL1201438	UMLS:C0011881	0
pubchem.compound:3105	UMLS:C5396362	0
pubchem.compound:9843750	UMLS:C0019080	0
pubchem.compound:6253	UMLS:C3150852	0
pubchem.compound:159603	UMLS:C0476403	0
pubchem.compound:10280735	UMLS:C0023645	0
pubchem.compound:3151	UMLS:C3808145	0
CHEMBL:CHEMBL121	UMLS:C0039841	0
pubchem.compound:3000715	UMLS:C0264789	0
CHEMBL:CHEMBL2364653	UMLS:C1332355	0
pubchem.compound:5807	UMLS:C5190692	0
pubchem.compound:5284472	UMLS:C0005967	0
pubchem.compound:2370	UMLS:C2751843	0
CHEMBL:CHEMBL1201649	UMLS:C0017551	0
pubchem.compound:10472693	UMLS:C0014457	0
pubchem.compound:46908928	UMLS:C1852091	0
pubchem.compound:9294	UMLS:C2678503	0
CHEMBL:CHEMBL2108581	UMLS:C0038358	0
pubchem.compound:56639723	UMLS:C0231528	0
pubchem.compound:5709	UMLS:C0008924	0
pubchem.compound:59768	UMLS:C1850343	0
pubchem.compound:68740	UMLS:C2750413	0
pubchem.compound:4927	UMLS:C1273070	0
CHEMBL:CHEMBL2108723	UMLS:C2931500	0
CHEMBL:CHEMBL2108508	UMLS:C0023316	0
pubchem.compound:135413520	UMLS:C4016819	0
pubchem.compound:5281070	UMLS:C5231404	0
pubchem.compound:60700	UMLS:C0007140	0
pubchem.compound:5282448	UMLS:C0342282	0
pubchem.compound:23897	UMLS:C0153107	0
pubchem.compound:5288826	UMLS:C5394051	0
CHEMBL:CHEMBL4297770	UMLS:C2931121	0
pubchem.compound:6279	UMLS:C4518356	0
pubchem.compound:11372270	UMLS:C1859774	0
pubchem.compound:3157	UMLS:C1840529	0
CHEMBL:CHEMBL1789844	UMLS:C0751748	0
pubchem.compound:5359318	UMLS:C4273672	0
pubchem.compound:6918223	UMLS:C4016059	0
pubchem.compound:23897	UMLS:C5231402	0
pubchem.compound:119584	UMLS:C0542514	0
pubchem.compound:23667642	UMLS:C3714534	0
pubchem.compound:31401	UMLS:C0001125	0
pubchem.compound:5877	UMLS:C0158442	0
pubchem.compound:11980076	UMLS:C4021533	0
CHEMBL:CHEMBL1237022	UMLS:C1868120	0
pubchem.compound:216326	UMLS:C0399367	0
CHEMBL:CHEMBL2107874	UMLS:C0740279	0
pubchem.compound:49831411	UMLS:C0023269	0
pubchem.compound:156419	UMLS:C0042900	0
pubchem.compound:3100	UMLS:C0152427	0
pubchem.compound:667550	UMLS:C0034050	0
CHEMBL:CHEMBL1743043	UMLS:C0432197	0
pubchem.compound:5291	UMLS:C1866173	0
pubchem.compound:2578	UMLS:C5394553	0
pubchem.compound:49800010	UMLS:C0919267	0
pubchem.compound:4614	UMLS:C5436727	0
pubchem.compound:11677589	UMLS:C0265306	0
pubchem.compound:68029831	UMLS:C0857007	0
pubchem.compound:132999	UMLS:C0007282	0
CHEMBL:CHEMBL4297852	UMLS:C0026636	0
pubchem.compound:38853	UMLS:C0013146	0
pubchem.compound:71009737	UMLS:C0345958	0
pubchem.compound:50922675	UMLS:C0342418	0
pubchem.compound:11557040	UMLS:C0034069	0
pubchem.compound:3121	UMLS:C2981132	0
pubchem.compound:5755	UMLS:C4479517	0
CHEMBL:CHEMBL2108429	UMLS:C1691215	0
pubchem.compound:92786	UMLS:C1847800	0
pubchem.compound:74763937	UMLS:C4273672	0
pubchem.compound:16923	UMLS:C0003496	0
CHEMBL:CHEMBL4297809	UMLS:C4305240	0
CHEMBL:CHEMBL2108078	UMLS:C0433856	0
pubchem.compound:387447	UMLS:C0033975	0
CHEMBL:CHEMBL4650469	UMLS:C0600139	0
pubchem.compound:9933475	UMLS:C0007124	0
pubchem.compound:9560989	UMLS:C0034069	0
pubchem.compound:33624	UMLS:C1855553	0
pubchem.compound:3676	UMLS:C1864839	0
pubchem.compound:23663870	UMLS:C0154631	0
pubchem.compound:151194	UMLS:C0085628	0
pubchem.compound:5386	UMLS:C0271650	0
pubchem.compound:3354	UMLS:C4016457	0
pubchem.compound:11962412	UMLS:C4014553	0
pubchem.compound:160355	UMLS:C1847014	0
pubchem.compound:11256664	UMLS:C0026267	0
CHEMBL:CHEMBL1201549	UMLS:C5394232	0
CHEMBL:CHEMBL502835	UMLS:C0008370	0
pubchem.compound:9794485	UMLS:C0243057	0
pubchem.compound:11993702	UMLS:C0751617	0
pubchem.compound:46184405	UMLS:C3489532	0
CHEMBL:CHEMBL1428	UMLS:C4020867	0
pubchem.compound:9279	UMLS:C3890737	0
pubchem.compound:5574	UMLS:C1869116	0
CHEMBL:CHEMBL2108326	UMLS:C0024790	0
pubchem.compound:5978	UMLS:C1847319	0
pubchem.compound:5816	UMLS:C2985290	0
pubchem.compound:153994	UMLS:C0153492	0
CHEMBL:CHEMBL1743007	UMLS:C5779776	0
pubchem.compound:26987	UMLS:C4704767	0
pubchem.compound:60151560	UMLS:C0344315	0
pubchem.compound:91667513	UMLS:C0017531	0
pubchem.compound:5280723	UMLS:C5680509	0
pubchem.compound:11626560	UMLS:C0012242	0
pubchem.compound:5245	UMLS:C0017919	0
